0,0,0,1
0,0,0,1
0,0,0,1
0,0,0,1
0,0,0,1
0,0,0,1
0,0,0,1
0,0,0,1
0,0,0,1
0,0,0,1
0,0,0,1
0,0,0,1
0,0,0,1
0,0,0,1
0,0,0,1
0,0,0,1
0,0,0,1
0,0,0,1
0,0,0,1
0,0,0,1
0,0,0,1
0,0,0,1
0,0,0,1
0,0,0,1
0,0,0,1
0.00366279,0.00360831,0.00291614,1
0.0109963,0.0108327,0.00875473,1
0.0183298,0.0180572,0.0145933,1
0.0256633,0.0252816,0.0204319,1
0.0329968,0.032506,0.0262705,1
0.0403303,0.0397304,0.0321091,1
0.0476638,0.0469549,0.0379477,1
0.0549972,0.0541793,0.0437863,1
0.0623308,0.0614037,0.0496249,1
0.0696642,0.0686281,0.0554635,1
0.0769977,0.0758526,0.061302,1
0.0843312,0.083077,0.0671406,1
0.0916647,0.0903014,0.0729792,1
0.0989982,0.0975258,0.0788178,1
0.106332,0.10475,0.0846564,1
0.113665,0.111975,0.090495,1
0.120999,0.119199,0.0963336,1
0.128332,0.126424,0.102172,1
0.135666,0.133648,0.108011,1
0.142999,0.140872,0.113849,1
0.150333,0.148097,0.119688,1
0.157666,0.155321,0.125527,1
0.165,0.162546,0.131365,1
0.172333,0.16977,0.137204,1
0.179667,0.176995,0.143042,1
0.187,0.184219,0.148881,1
0.194334,0.191443,0.154719,1
0.201667,0.198668,0.160558,1
0.209001,0.205892,0.166397,1
0.216334,0.213117,0.172235,1
0.223668,0.220341,0.178074,1
0.231001,0.227565,0.183912,1
0.238335,0.23479,0.189751,1
0.245668,0.242014,0.19559,1
0.253002,0.249239,0.201428,1
0.260335,0.256463,0.207267,1
0.267669,0.263688,0.213105,1
0.275002,0.270912,0.218944,1
0.282336,0.278136,0.224783,1
0.289669,0.285361,0.230621,1
0.297003,0.292585,0.23646,1
0.304336,0.29981,0.242298,1
0.31167,0.307034,0.248137,1
0.319003,0.314259,0.253976,1
0.326337,0.321483,0.259814,1
0.33367,0.328707,0.265653,1
0.341004,0.335932,0.271491,1
0.348337,0.343156,0.27733,1
0.355671,0.350381,0.283168,1
0.363004,0.357605,0.289007,1
0.370338,0.36483,0.294846,1
0.377671,0.372054,0.300684,1
0.385004,0.379278,0.306523,1
0.392338,0.386503,0.312361,1
0.399671,0.393727,0.3182,1
0.407005,0.400952,0.324039,1
0.414338,0.408176,0.329877,1
0.421672,0.4154,0.335716,1
0.429005,0.422625,0.341554,1
0.436339,0.429849,0.347393,1
0.443672,0.437074,0.353232,1
0.451006,0.444298,0.35907,1
0.458339,0.451523,0.364909,1
0.465673,0.458747,0.370747,1
0.473006,0.465971,0.376586,1
0.48034,0.473196,0.382424,1
0.487673,0.48042,0.388263,1
0.495007,0.487645,0.394102,1
0.50234,0.494869,0.39994,1
0.509674,0.502094,0.405779,1
0.517007,0.509318,0.411617,1
0.524341,0.516542,0.417456,1
0.531674,0.523767,0.423295,1
0.539008,0.530991,0.429133,1
0.546341,0.538216,0.434972,1
0.553675,0.54544,0.44081,1
0.561008,0.552665,0.446649,1
0.568342,0.559889,0.452488,1
0.575675,0.567113,0.458326,1
0.583009,0.574338,0.464165,1
0.590342,0.581562,0.470003,1
0.597676,0.588787,0.475842,1
0.605009,0.596011,0.481681,1
0.612343,0.603236,0.487519,1
0.619676,0.61046,0.493358,1
0.62701,0.617684,0.499196,1
0.634343,0.624909,0.505035,1
0.641677,0.632133,0.510873,1
0.64901,0.639358,0.516712,1
0.656344,0.646582,0.522551,1
0.663677,0.653807,0.528389,1
0.671011,0.661031,0.534228,1
0.678344,0.668255,0.540066,1
0.685678,0.67548,0.545905,1
0.693011,0.682704,0.551744,1
0.700345,0.689929,0.557582,1
0.707678,0.697153,0.563421,1
0.715012,0.704378,0.569259,1
0.722345,0.711602,0.575098,1
0.729679,0.718826,0.580937,1
0.737012,0.726051,0.586775,1
0.744346,0.733275,0.592614,1
0.751679,0.7405,0.598452,1
0.759013,0.747724,0.604291,1
0.766346,0.754948,0.610129,1
0.77368,0.762173,0.615968,1
0.781013,0.769397,0.621807,1
0.788347,0.776622,0.627645,1
0.79568,0.783846,0.633484,1
0.803014,0.791071,0.639322,1
0.810347,0.798295,0.645161,1
0.817681,0.805519,0.651,1
0.825014,0.812744,0.656838,1
0.832348,0.819968,0.662677,1
0.839681,0.827193,0.668515,1
0.847015,0.834417,0.674354,1
0.854348,0.841642,0.680193,1
0.861682,0.848866,0.686031,1
0.869015,0.85609,0.69187,1
0.876349,0.863315,0.697708,1
0.883682,0.870539,0.703547,1
0.891016,0.877764,0.709386,1
0.898349,0.884988,0.715224,1
0.905683,0.892213,0.721063,1
0.913016,0.899437,0.726901,1
0.92035,0.906661,0.73274,1
0.927683,0.913886,0.738578,1
0.935017,0.92111,0.744417,1
0.94235,0.928335,0.750256,1
0.949684,0.935559,0.756094,1
0.957017,0.942783,0.761933,1
0.964351,0.950008,0.767771,1
0.971684,0.957232,0.77361,1
0.979018,0.964457,0.779449,1
0.986351,0.971681,0.785287,1
0.993685,0.978906,0.791126,1
0.999362,0.984499,0.795646,1
0.994766,0.979971,0.791987,1
0.99017,0.975443,0.788328,1
0.985574,0.970916,0.784668,1
0.980978,0.966388,0.781009,1
0.976382,0.96186,0.77735,1
0.971786,0.957333,0.773691,1
0.96719,0.952805,0.770032,1
0.962594,0.948277,0.766373,1
0.957998,0.94375,0.762714,1
0.953402,0.939222,0.759054,1
0.948806,0.934694,0.755395,1
0.94421,0.930167,0.751736,1
0.939614,0.925639,0.748077,1
0.935018,0.921111,0.744418,1
0.930422,0.916584,0.740759,1
0.925826,0.912056,0.7371,1
0.92123,0.907528,0.73344,1
0.916633,0.903001,0.729781,1
0.912037,0.898473,0.726122,1
0.907441,0.893945,0.722463,1
0.902845,0.889418,0.718804,1
0.898249,0.88489,0.715145,1
0.893653,0.880362,0.711486,1
0.889057,0.875835,0.707826,1
0.884461,0.871307,0.704167,1
0.879865,0.866779,0.700508,1
0.875269,0.862252,0.696849,1
0.870673,0.857724,0.69319,1
0.866077,0.853196,0.689531,1
0.861481,0.848669,0.685872,1
0.856885,0.844141,0.682212,1
0.852289,0.839613,0.678553,1
0.847693,0.835085,0.674894,1
0.843097,0.830558,0.671235,1
0.838501,0.82603,0.667576,1
0.833905,0.821502,0.663917,1
0.829309,0.816975,0.660258,1
0.824713,0.812447,0.656598,1
0.820117,0.807919,0.652939,1
0.815521,0.803392,0.64928,1
0.810925,0.798864,0.645621,1
0.806329,0.794336,0.641962,1
0.801733,0.789809,0.638303,1
0.797137,0.785281,0.634644,1
0.792541,0.780753,0.630984,1
0.787945,0.776226,0.627325,1
0.783349,0.771698,0.623666,1
0.778753,0.76717,0.620007,1
0.774157,0.762643,0.616348,1
0.769561,0.758115,0.612689,1
0.764965,0.753587,0.60903,1
0.760368,0.74906,0.60537,1
0.755772,0.744532,0.601711,1
0.751176,0.740004,0.598052,1
0.74658,0.735477,0.594393,1
0.741984,0.730949,0.590734,1
0.737388,0.726421,0.587075,1
0.732792,0.721894,0.583415,1
0.728196,0.717366,0.579756,1
0.7236,0.712838,0.576097,1
0.719004,0.708311,0.572438,1
0.714408,0.703783,0.568779,1
0.709812,0.699255,0.56512,1
0.705216,0.694728,0.561461,1
0.70062,0.6902,0.557801,1
0.696024,0.685672,0.554142,1
0.691428,0.681145,0.550483,1
0.686832,0.676617,0.546824,1
0.682236,0.672089,0.543165,1
0.67764,0.667562,0.539506,1
0.673044,0.663034,0.535847,1
0.668448,0.658506,0.532187,1
0.663852,0.653979,0.528528,1
0.659256,0.649451,0.524869,1
0.65466,0.644923,0.52121,1
0.650064,0.640396,0.517551,1
0.645468,0.635868,0.513892,1
0.640872,0.63134,0.510233,1
0.636276,0.626813,0.506573,1
0.63168,0.622285,0.502914,1
0.627084,0.617757,0.499255,1
0.622488,0.61323,0.495596,1
0.617892,0.608702,0.491937,1
0.613296,0.604174,0.488278,1
0.6087,0.599647,0.484619,1
0.604104,0.595119,0.480959,1
0.599508,0.590591,0.4773,1
0.594912,0.586064,0.473641,1
0.590316,0.581536,0.469982,1
0.585719,0.577008,0.466323,1
0.581123,0.572481,0.462664,1
0.576527,0.567953,0.459005,1
0.571931,0.563425,0.455345,1
0.567335,0.558898,0.451686,1
0.562739,0.55437,0.448027,1
0.558143,0.549842,0.444368,1
0.553547,0.545315,0.440709,1
0.548951,0.540787,0.43705,1
0.544355,0.536259,0.433391,1
0.539759,0.531732,0.429731,1
0.535163,0.527204,0.426072,1
0.530567,0.522676,0.422413,1
0.525971,0.518148,0.418754,1
0.521375,0.513621,0.415095,1
0.516779,0.509093,0.411436,1
0.512183,0.504565,0.407777,1
0.507587,0.500038,0.404117,1
0.502991,0.49551,0.400458,1
0.498395,0.490982,0.396799,1
0.493799,0.486455,0.39314,1
0.489203,0.481927,0.389481,1
0.484607,0.477399,0.385822,1
0.480011,0.472872,0.382163,1
0.475415,0.468344,0.378503,1
0.470819,0.463816,0.374844,1
0.466223,0.459289,0.371185,1
0.461627,0.454761,0.367526,1
0.457031,0.450233,0.363867,1
0.452435,0.445706,0.360208,1
0.447839,0.441178,0.356549,1
0.443243,0.43665,0.352889,1
0.438647,0.432123,0.34923,1
0.434051,0.427595,0.345571,1
0.429455,0.423067,0.341912,1
0.424859,0.41854,0.338253,1
0.420263,0.414012,0.334594,1
0.415666,0.409484,0.330934,1
0.41107,0.404957,0.327275,1
0.406474,0.400429,0.323616,1
0.401878,0.395901,0.319957,1
0.397282,0.391374,0.316298,1
0.392686,0.386846,0.312639,1
0.38809,0.382318,0.30898,1
0.383494,0.377791,0.30532,1
0.378898,0.373263,0.301661,1
0.374302,0.368735,0.298002,1
0.369706,0.364208,0.294343,1
0.36511,0.35968,0.290684,1
0.360514,0.355152,0.287025,1
0.355918,0.350625,0.283366,1
0.351322,0.346097,0.279706,1
0.346726,0.341569,0.276047,1
0.34213,0.337042,0.272388,1
0.337534,0.332514,0.268729,1
0.332938,0.327986,0.26507,1
0.328342,0.323459,0.261411,1
0.323746,0.318931,0.257752,1
0.31915,0.314403,0.254092,1
0.314554,0.309876,0.250433,1
0.309958,0.305348,0.246774,1
0.305362,0.30082,0.243115,1
0.300766,0.296293,0.239456,1
0.29617,0.291765,0.235797,1
0.291574,0.287237,0.232138,1
0.286978,0.282709,0.228478,1
0.282382,0.278182,0.224819,1
0.277786,0.273654,0.22116,1
0.27319,0.269127,0.217501,1
0.268594,0.264599,0.213842,1
0.263998,0.260071,0.210183,1
0.259402,0.255544,0.206524,1
0.254806,0.251016,0.202864,1
0.25021,0.246488,0.199205,1
0.245613,0.24196,0.195546,1
0.241017,0.237433,0.191887,1
0.236421,0.232905,0.188228,1
0.231825,0.228378,0.184569,1
0.227229,0.22385,0.18091,1
0.222633,0.219322,0.17725,1
0.218037,0.214794,0.173591,1
0.213441,0.210267,0.169932,1
0.208845,0.205739,0.166273,1
0.204249,0.201211,0.162614,1
0.199653,0.196684,0.158955,1
0.195057,0.192156,0.155296,1
0.190461,0.187628,0.151636,1
0.185865,0.183101,0.147977,1
0.181269,0.178573,0.144318,1
0.176673,0.174045,0.140659,1
0.172077,0.169518,0.137,1
0.167481,0.16499,0.133341,1
0.162885,0.160462,0.129681,1
0.158289,0.155935,0.126022,1
0.153693,0.151407,0.122363,1
0.149097,0.146879,0.118704,1
0.144501,0.142352,0.115045,1
0.139905,0.137824,0.111386,1
0.135309,0.133296,0.107727,1
0.130713,0.128769,0.104067,1
0.126117,0.124241,0.100408,1
0.121521,0.119713,0.0967492,1
0.116925,0.115186,0.09309,1
0.112329,0.110658,0.0894309,1
0.107733,0.10613,0.0857718,1
0.103137,0.101603,0.0821126,1
0.0985406,0.097075,0.0784535,1
0.0939446,0.0925474,0.0747944,1
0.0893486,0.0880197,0.0711352,1
0.0847526,0.083492,0.0674761,1
0.0801565,0.0789644,0.0638169,1
0.0755605,0.0744367,0.0601578,1
0.0709643,0.0699089,0.0564985,1
0.0663683,0.0653813,0.0528394,1
0.0617723,0.0608536,0.0491802,1
0.0571763,0.0563259,0.0455211,1
0.0525803,0.0517983,0.041862,1
0.0479842,0.0472706,0.0382028,1
0.0433882,0.0427429,0.0345437,1
0.0387922,0.0382152,0.0308846,1
0.0341962,0.0336876,0.0272254,1
0.0296001,0.0291599,0.0235663,1
0.0250041,0.0246323,0.0199071,1
0.0204081,0.0201046,0.016248,1
0.0158121,0.0155769,0.0125889,1
0.011216,0.0110492,0.0089297,1
0.00662005,0.00652159,0.00527058,1
0.00202399,0.00199389,0.00161141,1
0.00198054,0.00198054,0.00198054,1
0.00551964,0.00551964,0.00551964,1
0.00905874,0.00905874,0.00905874,1
0.0125978,0.0125978,0.0125978,1
0.0161369,0.0161369,0.0161369,1
0.019676,0.019676,0.019676,1
0.0232151,0.0232151,0.0232151,1
0.0267542,0.0267542,0.0267542,1
0.0302933,0.0302933,0.0302933,1
0.0338325,0.0338325,0.0338325,1
0.0373716,0.0373716,0.0373716,1
0.0409107,0.0409107,0.0409107,1
0.0444498,0.0444498,0.0444498,1
0.0479889,0.0479889,0.0479889,1
0.051528,0.051528,0.051528,1
0.0550671,0.0550671,0.0550671,1
0.0586062,0.0586062,0.0586062,1
0.0621453,0.0621453,0.0621453,1
0.0656844,0.0656844,0.0656844,1
0.0692235,0.0692235,0.0692235,1
0.0727626,0.0727626,0.0727626,1
0.0763018,0.0763018,0.0763018,1
0.0798409,0.0798409,0.0798409,1
0.08338,0.08338,0.08338,1
0.0869191,0.0869191,0.0869191,1
0.0904582,0.0904582,0.0904582,1
0.0939973,0.0939973,0.0939973,1
0.0975364,0.0975364,0.0975364,1
0.101076,0.101076,0.101076,1
0.104615,0.104615,0.104615,1
0.108154,0.108154,0.108154,1
0.111693,0.111693,0.111693,1
0.115232,0.115232,0.115232,1
0.118771,0.118771,0.118771,1
0.12231,0.12231,0.12231,1
0.125849,0.125849,0.125849,1
0.129388,0.129388,0.129388,1
0.132927,0.132927,0.132927,1
0.136467,0.136467,0.136467,1
0.140006,0.140006,0.140006,1
0.143545,0.143545,0.143545,1
0.147084,0.147084,0.147084,1
0.150623,0.150623,0.150623,1
0.154162,0.154162,0.154162,1
0.157701,0.157701,0.157701,1
0.16124,0.16124,0.16124,1
0.164779,0.164779,0.164779,1
0.168319,0.168319,0.168319,1
0.171858,0.171858,0.171858,1
0.175397,0.175397,0.175397,1
0.178936,0.178936,0.178936,1
0.182475,0.182475,0.182475,1
0.186014,0.186014,0.186014,1
0.189553,0.189553,0.189553,1
0.193092,0.193092,0.193092,1
0.196631,0.196631,0.196631,1
0.20017,0.20017,0.20017,1
0.20371,0.20371,0.20371,1
0.207249,0.207249,0.207249,1
0.210788,0.210788,0.210788,1
0.214327,0.214327,0.214327,1
0.217866,0.217866,0.217866,1
0.221405,0.221405,0.221405,1
0.224944,0.224944,0.224944,1
0.228483,0.228483,0.228483,1
0.232022,0.232022,0.232022,1
0.235561,0.235561,0.235561,1
0.239101,0.239101,0.239101,1
0.24264,0.24264,0.24264,1
0.246179,0.246179,0.246179,1
0.249718,0.249718,0.249718,1
0.253257,0.253257,0.253257,1
0.256796,0.256796,0.256796,1
0.260335,0.260335,0.260335,1
0.263874,0.263874,0.263874,1
0.267413,0.267413,0.267413,1
0.270953,0.270953,0.270953,1
0.274492,0.274492,0.274492,1
0.278031,0.278031,0.278031,1
0.28157,0.28157,0.28157,1
0.285109,0.285109,0.285109,1
0.288648,0.288648,0.288648,1
0.292187,0.292187,0.292187,1
0.295726,0.295726,0.295726,1
0.299265,0.299265,0.299265,1
0.302804,0.302804,0.302804,1
0.306344,0.306344,0.306344,1
0.309883,0.309883,0.309883,1
0.313422,0.313422,0.313422,1
0.316961,0.316961,0.316961,1
0.3205,0.3205,0.3205,1
0.324039,0.324039,0.324039,1
0.327578,0.327578,0.327578,1
0.331117,0.331117,0.331117,1
0.334656,0.334656,0.334656,1
0.338195,0.338195,0.338195,1
0.341735,0.341735,0.341735,1
0.345274,0.345274,0.345274,1
0.348813,0.348813,0.348813,1
0.352352,0.352352,0.352352,1
0.355891,0.355891,0.355891,1
0.35943,0.35943,0.35943,1
0.362969,0.362969,0.362969,1
0.366508,0.366508,0.366508,1
0.370047,0.370047,0.370047,1
0.373587,0.373587,0.373587,1
0.377126,0.377126,0.377126,1
0.380665,0.380665,0.380665,1
0.384204,0.384204,0.384204,1
0.387743,0.387743,0.387743,1
0.391282,0.391282,0.391282,1
0.394821,0.394821,0.394821,1
0.39836,0.39836,0.39836,1
0.401899,0.401899,0.401899,1
0.405438,0.405438,0.405438,1
0.408978,0.408978,0.408978,1
0.412517,0.412517,0.412517,1
0.416056,0.416056,0.416056,1
0.419595,0.419595,0.419595,1
0.423134,0.423134,0.423134,1
0.426673,0.426673,0.426673,1
0.430212,0.430212,0.430212,1
0.433751,0.433751,0.433751,1
0.43729,0.43729,0.43729,1
0.44083,0.44083,0.44083,1
0.444369,0.444369,0.444369,1
0.447908,0.447908,0.447908,1
0.451447,0.451447,0.451447,1
0.454986,0.454986,0.454986,1
0.458525,0.458525,0.458525,1
0.462064,0.462064,0.462064,1
0.465603,0.465603,0.465603,1
0.469142,0.469142,0.469142,1
0.472681,0.472681,0.472681,1
0.476221,0.476221,0.476221,1
0.47976,0.47976,0.47976,1
0.483299,0.483299,0.483299,1
0.486838,0.486838,0.486838,1
0.490377,0.490377,0.490377,1
0.493916,0.493916,0.493916,1
0.497455,0.497455,0.497455,1
0.500994,0.500994,0.500994,1
0.504533,0.504533,0.504533,1
0.508072,0.508072,0.508072,1
0.511612,0.511612,0.511612,1
0.515151,0.515151,0.515151,1
0.51869,0.51869,0.51869,1
0.522229,0.522229,0.522229,1
0.525768,0.525768,0.525768,1
0.529307,0.529307,0.529307,1
0.532846,0.532846,0.532846,1
0.536385,0.536385,0.536385,1
0.539924,0.539924,0.539924,1
0.543464,0.543464,0.543464,1
0.547003,0.547003,0.547003,1
0.550542,0.550542,0.550542,1
0.554081,0.554081,0.554081,1
0.55762,0.55762,0.55762,1
0.561159,0.561159,0.561159,1
0.564698,0.564698,0.564698,1
0.568237,0.568237,0.568237,1
0.571776,0.571776,0.571776,1
0.575315,0.575315,0.575315,1
0.578855,0.578855,0.578855,1
0.582394,0.582394,0.582394,1
0.585933,0.585933,0.585933,1
0.589472,0.589472,0.589472,1
0.593011,0.593011,0.593011,1
0.59655,0.59655,0.59655,1
0.600089,0.600089,0.600089,1
0.603628,0.603628,0.603628,1
0.607167,0.607167,0.607167,1
0.610707,0.610707,0.610707,1
0.614246,0.614246,0.614246,1
0.617785,0.617785,0.617785,1
0.621324,0.621324,0.621324,1
0.624863,0.624863,0.624863,1
0.628402,0.628402,0.628402,1
0.631941,0.631941,0.631941,1
0.63548,0.63548,0.63548,1
0.639019,0.639019,0.639019,1
0.642558,0.642558,0.642558,1
0.646098,0.646098,0.646098,1
0.649637,0.649637,0.649637,1
0.653176,0.653176,0.653176,1
0.656715,0.656715,0.656715,1
0.660254,0.660254,0.660254,1
0.663793,0.663793,0.663793,1
0.667332,0.667332,0.667332,1
0.670871,0.670871,0.670871,1
0.67441,0.67441,0.67441,1
0.677949,0.677949,0.677949,1
0.681489,0.681489,0.681489,1
0.685028,0.685028,0.685028,1
0.688567,0.688567,0.688567,1
0.692106,0.692106,0.692106,1
0.695645,0.695645,0.695645,1
0.699184,0.699184,0.699184,1
0.702723,0.702723,0.702723,1
0.706262,0.706262,0.706262,1
0.709801,0.709801,0.709801,1
0.713341,0.713341,0.713341,1
0.71688,0.71688,0.71688,1
0.720419,0.720419,0.720419,1
0.723958,0.723958,0.723958,1
0.727497,0.727497,0.727497,1
0.731036,0.731036,0.731036,1
0.734575,0.734575,0.734575,1
0.738114,0.738114,0.738114,1
0.741653,0.741653,0.741653,1
0.745192,0.745192,0.745192,1
0.748732,0.748732,0.748732,1
0.752271,0.752271,0.752271,1
0.75581,0.75581,0.75581,1
0.759349,0.759349,0.759349,1
0.762888,0.762888,0.762888,1
0.766427,0.766427,0.766427,1
0.769966,0.769966,0.769966,1
0.773505,0.773505,0.773505,1
0.777044,0.777044,0.777044,1
0.780584,0.780584,0.780584,1
0.784123,0.784123,0.784123,1
0.787662,0.787662,0.787662,1
0.791201,0.791201,0.791201,1
0.79474,0.79474,0.79474,1
0.798279,0.798279,0.798279,1
0.801818,0.801818,0.801818,1
0.805357,0.805357,0.805357,1
0.808896,0.808896,0.808896,1
0.812436,0.812436,0.812436,1
0.815975,0.815975,0.815975,1
0.819514,0.819514,0.819514,1
0.823053,0.823053,0.823053,1
0.826592,0.826592,0.826592,1
0.830131,0.830131,0.830131,1
0.83367,0.83367,0.83367,1
0.837209,0.837209,0.837209,1
0.840748,0.840748,0.840748,1
0.844287,0.844287,0.844287,1
0.847826,0.847826,0.847826,1
0.851366,0.851366,0.851366,1
0.854905,0.854905,0.854905,1
0.858444,0.858444,0.858444,1
0.861983,0.861983,0.861983,1
0.865522,0.865522,0.865522,1
0.869061,0.869061,0.869061,1
0.8726,0.8726,0.8726,1
0.876139,0.876139,0.876139,1
0.879678,0.879678,0.879678,1
0.883218,0.883218,0.883218,1
0.886757,0.886757,0.886757,1
0.890296,0.890296,0.890296,1
0.893835,0.893835,0.893835,1
0.897374,0.897374,0.897374,1
0.900913,0.900913,0.900913,1
0.904452,0.904452,0.904452,1
0.907991,0.907991,0.907991,1
0.91153,0.91153,0.91153,1
0.91507,0.91507,0.91507,1
0.918609,0.918609,0.918609,1
0.922148,0.922148,0.922148,1
0.925687,0.925687,0.925687,1
0.929226,0.929226,0.929226,1
0.932765,0.932765,0.932765,1
0.936304,0.936304,0.936304,1
0.939843,0.939843,0.939843,1
0.943382,0.943382,0.943382,1
0.946921,0.946921,0.946921,1
0.95046,0.95046,0.95046,1
0.954,0.954,0.954,1
0.957539,0.957539,0.957539,1
0.961078,0.961078,0.961078,1
0.964617,0.964617,0.964617,1
0.968156,0.968156,0.968156,1
0.971695,0.971695,0.971695,1
0.975234,0.975234,0.975234,1
0.978773,0.978773,0.978773,1
0.982313,0.982313,0.982313,1
0.985852,0.985852,0.985852,1
0.989391,0.989391,0.989391,1
0.99293,0.99293,0.99293,1
0.996469,0.996469,0.996469,1
0.999984,0.999984,0.999984,1
0.992851,0.992851,0.992851,1
0.985718,0.985718,0.985718,1
0.978585,0.978585,0.978585,1
0.971452,0.971452,0.971452,1
0.964319,0.964319,0.964319,1
0.957186,0.957186,0.957186,1
0.950053,0.950053,0.950053,1
0.94292,0.94292,0.94292,1
0.935787,0.935787,0.935787,1
0.928654,0.928654,0.928654,1
0.921521,0.921521,0.921521,1
0.914388,0.914388,0.914388,1
0.907255,0.907255,0.907255,1
0.900122,0.900122,0.900122,1
0.892989,0.892989,0.892989,1
0.885856,0.885856,0.885856,1
0.878723,0.878723,0.878723,1
0.87159,0.87159,0.87159,1
0.864457,0.864457,0.864457,1
0.857324,0.857324,0.857324,1
0.850191,0.850191,0.850191,1
0.843059,0.843059,0.843059,1
0.835925,0.835925,0.835925,1
0.828793,0.828793,0.828793,1
0.821659,0.821659,0.821659,1
0.814527,0.814527,0.814527,1
0.807394,0.807394,0.807394,1
0.800261,0.800261,0.800261,1
0.793128,0.793128,0.793128,1
0.785995,0.785995,0.785995,1
0.778862,0.778862,0.778862,1
0.771729,0.771729,0.771729,1
0.764596,0.764596,0.764596,1
0.757463,0.757463,0.757463,1
0.75033,0.75033,0.75033,1
0.743197,0.743197,0.743197,1
0.736064,0.736064,0.736064,1
0.728931,0.728931,0.728931,1
0.721798,0.721798,0.721798,1
0.714665,0.714665,0.714665,1
0.707532,0.707532,0.707532,1
0.700399,0.700399,0.700399,1
0.693266,0.693266,0.693266,1
0.686133,0.686133,0.686133,1
0.679,0.679,0.679,1
0.671867,0.671867,0.671867,1
0.664734,0.664734,0.664734,1
0.657601,0.657601,0.657601,1
0.650468,0.650468,0.650468,1
0.643335,0.643335,0.643335,1
0.636202,0.636202,0.636202,1
0.629069,0.629069,0.629069,1
0.621937,0.621937,0.621937,1
0.614803,0.614803,0.614803,1
0.607671,0.607671,0.607671,1
0.600537,0.600537,0.600537,1
0.593405,0.593405,0.593405,1
0.586272,0.586272,0.586272,1
0.579139,0.579139,0.579139,1
0.572006,0.572006,0.572006,1
0.564873,0.564873,0.564873,1
0.55774,0.55774,0.55774,1
0.550607,0.550607,0.550607,1
0.543474,0.543474,0.543474,1
0.536341,0.536341,0.536341,1
0.529208,0.529208,0.529208,1
0.522075,0.522075,0.522075,1
0.514942,0.514942,0.514942,1
0.507809,0.507809,0.507809,1
0.500676,0.500676,0.500676,1
0.493543,0.493543,0.493543,1
0.48641,0.48641,0.48641,1
0.479277,0.479277,0.479277,1
0.472144,0.472144,0.472144,1
0.465011,0.465011,0.465011,1
0.457878,0.457878,0.457878,1
0.450745,0.450745,0.450745,1
0.443612,0.443612,0.443612,1
0.436479,0.436479,0.436479,1
0.429346,0.429346,0.429346,1
0.422213,0.422213,0.422213,1
0.41508,0.41508,0.41508,1
0.407947,0.407947,0.407947,1
0.400815,0.400815,0.400815,1
0.393681,0.393681,0.393681,1
0.386549,0.386549,0.386549,1
0.379415,0.379415,0.379415,1
0.372283,0.372283,0.372283,1
0.36515,0.36515,0.36515,1
0.358016,0.358016,0.358016,1
0.350884,0.350884,0.350884,1
0.34375,0.34375,0.34375,1
0.336618,0.336618,0.336618,1
0.329485,0.329485,0.329485,1
0.322352,0.322352,0.322352,1
0.315219,0.315219,0.315219,1
0.308086,0.308086,0.308086,1
0.300953,0.300953,0.300953,1
0.29382,0.29382,0.29382,1
0.286687,0.286687,0.286687,1
0.279554,0.279554,0.279554,1
0.272421,0.272421,0.272421,1
0.265288,0.265288,0.265288,1
0.258155,0.258155,0.258155,1
0.251022,0.251022,0.251022,1
0.243889,0.243889,0.243889,1
0.236756,0.236756,0.236756,1
0.229623,0.229623,0.229623,1
0.22249,0.22249,0.22249,1
0.215357,0.215357,0.215357,1
0.208224,0.208224,0.208224,1
0.201091,0.201091,0.201091,1
0.193958,0.193958,0.193958,1
0.186825,0.186825,0.186825,1
0.179692,0.179692,0.179692,1
0.172559,0.172559,0.172559,1
0.165426,0.165426,0.165426,1
0.158293,0.158293,0.158293,1
0.15116,0.15116,0.15116,1
0.144028,0.144028,0.144028,1
0.136894,0.136894,0.136894,1
0.129762,0.129762,0.129762,1
0.122629,0.122629,0.122629,1
0.115496,0.115496,0.115496,1
0.108363,0.108363,0.108363,1
0.10123,0.10123,0.10123,1
0.0940967,0.0940967,0.0940967,1
0.0869639,0.0869639,0.0869639,1
0.0798308,0.0798308,0.0798308,1
0.0726979,0.0726979,0.0726979,1
0.0655648,0.0655648,0.0655648,1
0.058432,0.058432,0.058432,1
0.0512989,0.0512989,0.0512989,1
0.0441661,0.0441661,0.0441661,1
0.037033,0.037033,0.037033,1
0.0299002,0.0299002,0.0299002,1
0.0227671,0.0227671,0.0227671,1
0.0156342,0.0156342,0.0156342,1
0.00850111,0.00850111,0.00850111,1
0.00136799,0.00136799,0.00136799,1
0.00355304,0.00266478,0.00273341,1
0.00794876,0.00596157,0.00611509,1
0.0123449,0.00925867,0.00949709,1
0.016741,0.0125558,0.0128791,1
0.0211372,0.0158529,0.0162611,1
0.0255329,0.0191496,0.0196428,1
0.029929,0.0224467,0.0230248,1
0.0343251,0.0257438,0.0264068,1
0.0387213,0.0290409,0.0297888,1
0.043117,0.0323377,0.0331705,1
0.0475131,0.0356348,0.0365525,1
0.0519092,0.0389319,0.0399345,1
0.0563054,0.042229,0.0433165,1
0.0607011,0.0455258,0.0466982,1
0.0650972,0.0488229,0.0500802,1
0.0694933,0.05212,0.0534622,1
0.0738895,0.0554171,0.0568442,1
0.0782852,0.0587139,0.0602259,1
0.0826813,0.062011,0.0636079,1
0.0870774,0.0653081,0.0669899,1
0.0914736,0.0686052,0.0703719,1
0.0958693,0.071902,0.0737536,1
0.100265,0.0751991,0.0771356,1
0.104662,0.0784962,0.0805176,1
0.109058,0.0817933,0.0838996,1
0.113454,0.0850904,0.0872816,1
0.11785,0.0883871,0.0906633,1
0.122246,0.0916842,0.0940453,1
0.126642,0.0949813,0.0974273,1
0.131038,0.0982784,0.100809,1
0.135434,0.101575,0.104191,1
0.13983,0.104872,0.107573,1
0.144226,0.108169,0.110955,1
0.148622,0.111467,0.114337,1
0.153018,0.114763,0.117719,1
0.157414,0.11806,0.121101,1
0.16181,0.121358,0.124483,1
0.166206,0.124655,0.127865,1
0.170602,0.127951,0.131246,1
0.174998,0.131248,0.134628,1
0.179394,0.134546,0.13801,1
0.18379,0.137843,0.141392,1
0.188186,0.141139,0.144774,1
0.192582,0.144437,0.148156,1
0.196978,0.147734,0.151538,1
0.201374,0.151031,0.15492,1
0.20577,0.154328,0.158302,1
0.210166,0.157625,0.161684,1
0.214562,0.160922,0.165066,1
0.218958,0.164219,0.168448,1
0.223355,0.167516,0.17183,1
0.22775,0.170813,0.175211,1
0.232146,0.17411,0.178593,1
0.236543,0.177407,0.181975,1
0.240939,0.180704,0.185357,1
0.245334,0.184001,0.188739,1
0.249731,0.187298,0.192121,1
0.254127,0.190595,0.195503,1
0.258523,0.193892,0.198885,1
0.262919,0.197189,0.202267,1
0.267315,0.200486,0.205649,1
0.271711,0.203783,0.209031,1
0.276107,0.20708,0.212413,1
0.280503,0.210377,0.215795,1
0.284899,0.213674,0.219177,1
0.289295,0.216971,0.222559,1
0.293691,0.220268,0.225941,1
0.298087,0.223565,0.229322,1
0.302483,0.226862,0.232704,1
0.306879,0.230159,0.236086,1
0.311275,0.233456,0.239468,1
0.315671,0.236753,0.24285,1
0.320067,0.24005,0.246232,1
0.324463,0.243347,0.249614,1
0.328859,0.246644,0.252996,1
0.333255,0.249942,0.256378,1
0.337651,0.253238,0.25976,1
0.342047,0.256535,0.263142,1
0.346443,0.259833,0.266524,1
0.350839,0.26313,0.269906,1
0.355235,0.266426,0.273287,1
0.359631,0.269723,0.276669,1
0.364027,0.273021,0.280051,1
0.368424,0.276318,0.283433,1
0.372819,0.279614,0.286815,1
0.377215,0.282912,0.290197,1
0.381612,0.286209,0.293579,1
0.386008,0.289506,0.296961,1
0.390403,0.292803,0.300343,1
0.3948,0.2961,0.303725,1
0.399196,0.299397,0.307107,1
0.403592,0.302694,0.310489,1
0.407988,0.305991,0.31387,1
0.412384,0.309288,0.317252,1
0.41678,0.312585,0.320634,1
0.421176,0.315882,0.324016,1
0.425572,0.319179,0.327398,1
0.429968,0.322476,0.33078,1
0.434364,0.325773,0.334162,1
0.43876,0.32907,0.337544,1
0.443156,0.332367,0.340926,1
0.447552,0.335664,0.344308,1
0.451948,0.338961,0.34769,1
0.456344,0.342258,0.351072,1
0.46074,0.345555,0.354454,1
0.465136,0.348852,0.357835,1
0.469532,0.352149,0.361217,1
0.473928,0.355446,0.364599,1
0.478324,0.358743,0.367981,1
0.48272,0.36204,0.371363,1
0.487116,0.365337,0.374745,1
0.491512,0.368634,0.378127,1
0.495908,0.371931,0.381509,1
0.500304,0.375228,0.384891,1
0.5047,0.378525,0.388273,1
0.509096,0.381822,0.391655,1
0.513493,0.385119,0.395037,1
0.517888,0.388416,0.398419,1
0.522284,0.391713,0.401801,1
0.526681,0.39501,0.405183,1
0.531077,0.398308,0.408565,1
0.535472,0.401604,0.411946,1
0.539868,0.404901,0.415328,1
0.544265,0.408198,0.41871,1
0.548661,0.411496,0.422092,1
0.553057,0.414793,0.425474,1
0.557453,0.418089,0.428856,1
0.561849,0.421387,0.432238,1
0.566245,0.424684,0.43562,1
0.570641,0.427981,0.439002,1
0.575037,0.431278,0.442384,1
0.579433,0.434575,0.445766,1
0.583829,0.437872,0.449148,1
0.588225,0.441169,0.45253,1
0.592621,0.444466,0.455911,1
0.597017,0.447763,0.459293,1
0.601413,0.45106,0.462675,1
0.605809,0.454357,0.466057,1
0.610205,0.457654,0.469439,1
0.614601,0.460951,0.472821,1
0.618997,0.464248,0.476203,1
0.623393,0.467545,0.479585,1
0.627789,0.470842,0.482967,1
0.632185,0.474139,0.486349,1
0.636581,0.477436,0.489731,1
0.640977,0.480733,0.493113,1
0.645373,0.48403,0.496494,1
0.649769,0.487327,0.499876,1
0.654165,0.490624,0.503258,1
0.658562,0.493921,0.50664,1
0.662958,0.497218,0.510022,1
0.667353,0.500515,0.513404,1
0.67175,0.503812,0.516786,1
0.676146,0.507109,0.520168,1
0.680542,0.510406,0.52355,1
0.684937,0.513703,0.526932,1
0.689334,0.517,0.530314,1
0.69373,0.520297,0.533696,1
0.698126,0.523594,0.537078,1
0.702522,0.526891,0.54046,1
0.706918,0.530188,0.543842,1
0.711314,0.533485,0.547224,1
0.71571,0.536783,0.550606,1
0.720106,0.540079,0.553987,1
0.724502,0.543376,0.557369,1
0.728898,0.546673,0.560751,1
0.733294,0.549971,0.564133,1
0.73769,0.553267,0.567515,1
0.742086,0.556564,0.570897,1
0.746482,0.559862,0.574279,1
0.750878,0.563159,0.577661,1
0.755274,0.566455,0.581043,1
0.75967,0.569753,0.584425,1
0.764066,0.57305,0.587807,1
0.768462,0.576347,0.591189,1
0.772858,0.579644,0.594571,1
0.777254,0.582941,0.597952,1
0.78165,0.586238,0.601334,1
0.786046,0.589535,0.604716,1
0.790443,0.592832,0.608098,1
0.794838,0.596129,0.61148,1
0.799234,0.599426,0.614862,1
0.803631,0.602723,0.618244,1
0.808027,0.60602,0.621626,1
0.812422,0.609317,0.625008,1
0.816818,0.612614,0.62839,1
0.821215,0.615911,0.631772,1
0.825611,0.619208,0.635154,1
0.830006,0.622505,0.638535,1
0.834403,0.625802,0.641917,1
0.838799,0.629099,0.645299,1
0.843195,0.632396,0.648681,1
0.847591,0.635693,0.652063,1
0.851987,0.63899,0.655445,1
0.856383,0.642287,0.658827,1
0.860779,0.645584,0.662209,1
0.865175,0.648881,0.665591,1
0.869571,0.652178,0.668973,1
0.873967,0.655475,0.672355,1
0.878363,0.658772,0.675737,1
0.882759,0.662069,0.679119,1
0.887155,0.665366,0.6825,1
0.891551,0.668663,0.685883,1
0.895947,0.67196,0.689264,1
0.900343,0.675257,0.692647,1
0.904739,0.678554,0.696028,1
0.909135,0.681851,0.69941,1
0.913531,0.685148,0.702792,1
0.917927,0.688446,0.706174,1
0.922323,0.691742,0.709556,1
0.926719,0.695039,0.712938,1
0.931115,0.698337,0.71632,1
0.935512,0.701634,0.719702,1
0.939907,0.70493,0.723084,1
0.944303,0.708228,0.726466,1
0.948699,0.711525,0.729848,1
0.953096,0.714822,0.73323,1
0.957491,0.718118,0.736611,1
0.961887,0.721416,0.739993,1
0.966284,0.724713,0.743375,1
0.97068,0.72801,0.746757,1
0.975075,0.731307,0.750139,1
0.979472,0.734604,0.753521,1
0.983868,0.737901,0.756903,1
0.988264,0.741198,0.760285,1
0.99266,0.744495,0.763667,1
0.997056,0.747792,0.767049,1
0.99903,0.749273,0.768568,1
0.996094,0.747071,0.766309,1
0.993158,0.744869,0.76405,1
0.990222,0.742667,0.761792,1
0.987286,0.740465,0.759533,1
0.98435,0.738263,0.757274,1
0.981414,0.736061,0.755015,1
0.978478,0.733859,0.752757,1
0.975542,0.731657,0.750498,1
0.972606,0.729455,0.748239,1
0.96967,0.727252,0.74598,1
0.966734,0.725051,0.743722,1
0.963798,0.722849,0.741463,1
0.960862,0.720647,0.739204,1
0.957926,0.718444,0.736946,1
0.95499,0.716243,0.734687,1
0.952054,0.71404,0.732428,1
0.949118,0.711838,0.730169,1
0.946182,0.709636,0.727911,1
0.943246,0.707434,0.725652,1
0.94031,0.705232,0.723393,1
0.937374,0.70303,0.721135,1
0.934438,0.700828,0.718876,1
0.931502,0.698626,0.716617,1
0.928566,0.696424,0.714358,1
0.92563,0.694222,0.7121,1
0.922694,0.69202,0.709841,1
0.919757,0.689818,0.707582,1
0.916822,0.687616,0.705324,1
0.913886,0.685414,0.703065,1
0.91095,0.683212,0.700806,1
0.908013,0.68101,0.698547,1
0.905078,0.678808,0.696289,1
0.902142,0.676606,0.69403,1
0.899205,0.674404,0.691771,1
0.896269,0.672202,0.689512,1
0.893333,0.67,0.687254,1
0.890397,0.667798,0.684995,1
0.887461,0.665596,0.682736,1
0.884525,0.663394,0.680477,1
0.881589,0.661192,0.678219,1
0.878653,0.65899,0.67596,1
0.875717,0.656788,0.673701,1
0.872781,0.654586,0.671443,1
0.869845,0.652384,0.669184,1
0.866909,0.650182,0.666925,1
0.863973,0.64798,0.664666,1
0.861037,0.645778,0.662408,1
0.858101,0.643576,0.660149,1
0.855165,0.641374,0.65789,1
0.852229,0.639172,0.655631,1
0.849293,0.63697,0.653373,1
0.846357,0.634768,0.651114,1
0.843421,0.632566,0.648855,1
0.840485,0.630364,0.646597,1
0.837549,0.628162,0.644338,1
0.834613,0.62596,0.642079,1
0.831677,0.623758,0.639821,1
0.828741,0.621556,0.637562,1
0.825805,0.619354,0.635303,1
0.822869,0.617151,0.633044,1
0.819933,0.61495,0.630786,1
0.816997,0.612748,0.628527,1
0.814061,0.610546,0.626268,1
0.811125,0.608343,0.624009,1
0.808189,0.606142,0.621751,1
0.805253,0.603939,0.619492,1
0.802317,0.601737,0.617233,1
0.79938,0.599535,0.614974,1
0.796445,0.597333,0.612716,1
0.793509,0.595131,0.610457,1
0.790572,0.592929,0.608198,1
0.787636,0.590727,0.60594,1
0.7847,0.588525,0.603681,1
0.781764,0.586323,0.601422,1
0.778828,0.584121,0.599163,1
0.775892,0.581919,0.596905,1
0.772956,0.579717,0.594646,1
0.77002,0.577515,0.592387,1
0.767084,0.575313,0.590128,1
0.764148,0.573111,0.58787,1
0.761212,0.570909,0.585611,1
0.758276,0.568707,0.583352,1
0.75534,0.566505,0.581094,1
0.752404,0.564303,0.578835,1
0.749468,0.562101,0.576576,1
0.746532,0.559899,0.574317,1
0.743596,0.557697,0.572059,1
0.74066,0.555495,0.5698,1
0.737724,0.553293,0.567541,1
0.734788,0.551091,0.565283,1
0.731852,0.548889,0.563024,1
0.728916,0.546687,0.560765,1
0.72598,0.544485,0.558506,1
0.723044,0.542283,0.556248,1
0.720108,0.540081,0.553989,1
0.717172,0.537879,0.55173,1
0.714236,0.535677,0.549471,1
0.7113,0.533475,0.547213,1
0.708364,0.531273,0.544954,1
0.705428,0.529071,0.542695,1
0.702492,0.526869,0.540436,1
0.699556,0.524667,0.538178,1
0.69662,0.522465,0.535919,1
0.693684,0.520263,0.53366,1
0.690747,0.518061,0.531402,1
0.687811,0.515859,0.529143,1
0.684876,0.513657,0.526884,1
0.681939,0.511455,0.524625,1
0.679003,0.509253,0.522367,1
0.676067,0.507051,0.520108,1
0.673132,0.504849,0.517849,1
0.670195,0.502647,0.515591,1
0.667259,0.500445,0.513332,1
0.664323,0.498242,0.511073,1
0.661387,0.496041,0.508814,1
0.658451,0.493839,0.506556,1
0.655515,0.491636,0.504297,1
0.652579,0.489434,0.502038,1
0.649643,0.487233,0.49978,1
0.646707,0.48503,0.497521,1
0.643771,0.482828,0.495262,1
0.640835,0.480626,0.493003,1
0.637899,0.478424,0.490744,1
0.634963,0.476222,0.488486,1
0.632027,0.47402,0.486227,1
0.629091,0.471818,0.483968,1
0.626155,0.469616,0.48171,1
0.623219,0.467414,0.479451,1
0.620283,0.465212,0.477192,1
0.617347,0.46301,0.474933,1
0.614411,0.460808,0.472675,1
0.611475,0.458606,0.470416,1
0.608539,0.456404,0.468157,1
0.605603,0.454202,0.465899,1
0.602667,0.452,0.46364,1
0.599731,0.449798,0.461381,1
0.596795,0.447596,0.459122,1
0.593859,0.445394,0.456864,1
0.590923,0.443192,0.454605,1
0.587987,0.44099,0.452346,1
0.585051,0.438788,0.450088,1
0.582115,0.436586,0.447829,1
0.579178,0.434384,0.44557,1
0.576243,0.432182,0.443311,1
0.573307,0.42998,0.441053,1
0.57037,0.427778,0.438794,1
0.567434,0.425576,0.436535,1
0.564498,0.423374,0.434276,1
0.561562,0.421172,0.432018,1
0.558626,0.41897,0.429759,1
0.55569,0.416768,0.4275,1
0.552754,0.414566,0.425241,1
0.549818,0.412364,0.422983,1
0.546882,0.410162,0.420724,1
0.543946,0.40796,0.418465,1
0.54101,0.405758,0.416207,1
0.538074,0.403556,0.413948,1
0.535138,0.401354,0.411689,1
0.532202,0.399152,0.40943,1
0.529266,0.39695,0.407172,1
0.52633,0.394748,0.404913,1
0.523394,0.392546,0.402654,1
0.520458,0.390344,0.400396,1
0.517522,0.388141,0.398137,1
0.514586,0.38594,0.395878,1
0.51165,0.383738,0.393619,1
0.508714,0.381535,0.391361,1
0.505778,0.379333,0.389102,1
0.502842,0.377132,0.386843,1
0.499906,0.374929,0.384585,1
0.49697,0.372727,0.382326,1
0.494034,0.370525,0.380067,1
0.491098,0.368323,0.377808,1
0.488162,0.366121,0.37555,1
0.485226,0.363919,0.373291,1
0.48229,0.361717,0.371032,1
0.479354,0.359515,0.368773,1
0.476418,0.357313,0.366515,1
0.473482,0.355111,0.364256,1
0.470546,0.352909,0.361997,1
0.467609,0.350707,0.359738,1
0.464674,0.348505,0.35748,1
0.461738,0.346303,0.355221,1
0.458801,0.344101,0.352962,1
0.455865,0.341899,0.350704,1
0.45293,0.339697,0.348445,1
0.449993,0.337495,0.346186,1
0.447057,0.335293,0.343927,1
0.444121,0.333091,0.341669,1
0.441185,0.330889,0.33941,1
0.438249,0.328687,0.337151,1
0.435313,0.326485,0.334892,1
0.432377,0.324283,0.332634,1
0.429441,0.322081,0.330375,1
0.426505,0.319879,0.328116,1
0.423569,0.317677,0.325858,1
0.420633,0.315475,0.323599,1
0.417697,0.313273,0.32134,1
0.414761,0.311071,0.319081,1
0.411825,0.308869,0.316823,1
0.408889,0.306667,0.314564,1
0.405953,0.304465,0.312305,1
0.403017,0.302263,0.310047,1
0.400081,0.300061,0.307788,1
0.397145,0.297859,0.305529,1
0.394209,0.295657,0.30327,1
0.391273,0.293455,0.301012,1
0.388337,0.291253,0.298753,1
0.385401,0.289051,0.296494,1
0.382465,0.286849,0.294235,1
0.379529,0.284647,0.291977,1
0.376593,0.282445,0.289718,1
0.373657,0.280243,0.287459,1
0.370721,0.27804,0.2852,1
0.367785,0.275839,0.282942,1
0.364849,0.273637,0.280683,1
0.361913,0.271434,0.278424,1
0.358976,0.269232,0.276166,1
0.356041,0.267031,0.273907,1
0.353105,0.264828,0.271648,1
0.350169,0.262626,0.269389,1
0.347232,0.260424,0.267131,1
0.344296,0.258222,0.264872,1
0.341361,0.25602,0.262613,1
0.338424,0.253818,0.260355,1
0.335488,0.251616,0.258096,1
0.332552,0.249414,0.255837,1
0.329616,0.247212,0.253578,1
0.32668,0.24501,0.25132,1
0.323744,0.242808,0.249061,1
0.320808,0.240606,0.246802,1
0.317872,0.238404,0.244544,1
0.314936,0.236202,0.242285,1
0.312,0.234,0.240026,1
0.309064,0.231798,0.237767,1
0.306128,0.229596,0.235509,1
0.303192,0.227394,0.23325,1
0.300256,0.225192,0.230991,1
0.29732,0.22299,0.228732,1
0.294384,0.220788,0.226474,1
0.291448,0.218586,0.224215,1
0.288512,0.216384,0.221956,1
0.285576,0.214182,0.219697,1
0.28264,0.21198,0.217439,1
0.279704,0.209778,0.21518,1
0.276768,0.207576,0.212921,1
0.273832,0.205374,0.210663,1
0.270896,0.203172,0.208404,1
0.26796,0.20097,0.206145,1
0.265024,0.198768,0.203886,1
0.262088,0.196566,0.201628,1
0.259152,0.194364,0.199369,1
0.256216,0.192162,0.19711,1
0.25328,0.18996,0.194852,1
0.250344,0.187758,0.192593,1
0.247407,0.185556,0.190334,1
0.244472,0.183354,0.188075,1
0.241536,0.181152,0.185817,1
0.238599,0.17895,0.183558,1
0.235663,0.176748,0.181299,1
0.232728,0.174546,0.179041,1
0.229791,0.172344,0.176782,1
0.226855,0.170142,0.174523,1
0.223919,0.167939,0.172264,1
0.220983,0.165738,0.170006,1
0.218047,0.163536,0.167747,1
0.215111,0.161333,0.165488,1
0.212175,0.159131,0.163229,1
0.209239,0.15693,0.160971,1
0.206303,0.154727,0.158712,1
0.203367,0.152525,0.156453,1
0.200431,0.150323,0.154194,1
0.197495,0.148121,0.151936,1
0.194559,0.145919,0.149677,1
0.191623,0.143717,0.147418,1
0.188687,0.141515,0.145159,1
0.185751,0.139313,0.142901,1
0.182815,0.137111,0.140642,1
0.179879,0.134909,0.138383,1
0.176943,0.132707,0.136125,1
0.174007,0.130505,0.133866,1
0.171071,0.128303,0.131607,1
0.168135,0.126101,0.129349,1
0.165199,0.123899,0.12709,1
0.162263,0.121697,0.124831,1
0.159327,0.119495,0.122572,1
0.156391,0.117293,0.120314,1
0.153455,0.115091,0.118055,1
0.150519,0.112889,0.115796,1
0.147583,0.110687,0.113537,1
0.144647,0.108485,0.111279,1
0.141711,0.106283,0.10902,1
0.138775,0.104081,0.106761,1
0.135839,0.101879,0.104503,1
0.132903,0.099677,0.102244,1
0.129966,0.0974749,0.099985,1
0.12703,0.0952728,0.0977263,1
0.124094,0.0930707,0.0954675,1
0.121159,0.0908689,0.0932089,1
0.118222,0.0886668,0.0909501,1
0.115286,0.0864648,0.0886914,1
0.11235,0.0842627,0.0864326,1
0.109414,0.0820608,0.084174,1
0.106478,0.0798588,0.0819152,1
0.103542,0.0776567,0.0796565,1
0.100606,0.0754546,0.0773977,1
0.0976703,0.0732527,0.0751391,1
0.0947343,0.0710507,0.0728804,1
0.0917981,0.0688486,0.0706216,1
0.0888621,0.0666465,0.0683628,1
0.0859262,0.0644447,0.0661042,1
0.0829902,0.0622426,0.0638455,1
0.080054,0.0600405,0.0615867,1
0.077118,0.0578385,0.0593279,1
0.0741822,0.0556366,0.0570694,1
0.071246,0.0534345,0.0548106,1
0.06831,0.0512325,0.0525518,1
0.0653738,0.0490304,0.050293,1
0.0624381,0.0468286,0.0480345,1
0.0595019,0.0446265,0.0457757,1
0.0565659,0.0424244,0.0435169,1
0.0536298,0.0402223,0.0412581,1
0.0506937,0.0380203,0.0389994,1
0.0477579,0.0358184,0.0367408,1
0.0448217,0.0336163,0.034482,1
0.0418857,0.0314143,0.0322232,1
0.0389496,0.0292122,0.0299645,1
0.0360138,0.0270103,0.0277059,1
0.0330777,0.0248082,0.0254471,1
0.0301416,0.0226062,0.0231883,1
0.0272055,0.0204041,0.0209295,1
0.0242697,0.0182023,0.018671,1
0.0213336,0.0160002,0.0164122,1
0.0183975,0.0137981,0.0141535,1
0.0154614,0.011596,0.0118947,1
0.0125256,0.00939417,0.00963608,1
0.00958949,0.00719212,0.00737733,1
0.00665337,0.00499003,0.00511853,1
0.0037173,0.00278798,0.00285977,1
0.000781476,0.000586107,0.000601201,1
0,0,0,1
0,0,0,1
0,0,0,1
0,0,0,1
0,0,0,1
0,0,0,1
0,0,0,1
0,0,0,1
0,0,0,1
0,0,0,1
0,0,0,1
0,0,0,1
0,0,0,1
0,0,0,1
0,0,0,1
0,0,0,1
0,0,0,1
0,0,0,1
0,0,0,1
0,0,0,1
0,0,0,1
0,0,0,1
0,0,0,1
0,0,0,1
0,0,0,1
0,0,0,1
0,0,0,1
0,0,0,1
0,0,0,1
0,0,0,1
0,0,0,1
0,0,0,1
0,0,0,1
0,0,0,1
0,0,0,1
0,0,0,1
0,0,0,1
0,0,0,1
0,0,0,1
0,0,0,1
0,0,0,1
0,0,0,1
0,0,0,1
0,0,0,1
0,0,0,1
0,0,0,1
0,0,0,1
0,0,0,1
0,0,0,1
0,0,0,1
0,0,0,1
0,0,0,1
0,0,0,1
0,0,0,1
0,0,0,1
0,0,0,1
0,0,0,1
0,0,0,1
0,0,0,1
0,0,0,1
0,0,0,1
0,0,0,1
0,0,0,1
0,0,0,1
0,0,0,1
0,0,0,1
0,0,0,1
0,0,0,1
0,0,0,1
0,0,0,1
0,0,0,1
0,0,0,1
0,0,0,1
0,0,0,1
0,0,0,1
0,0,0,1
0,0,0,1
0,0,0,1
0,0,0,1
0,0,0,1
0,0,0,1
0,0,0,1
0,0,0,1
0,0,0,1
0,0,0,1
0,0,0,1
0,0,0,1
0,0,0,1
0,0,0,1
0,0,0,1
0,0,0,1
0,0,0,1
0,0,0,1
0,0,0,1
0,0,0,1
0,0,0,1
0,0,0,1
0,0,0,1
0,0,0,1
0,0,0,1
0,0,0,1
0,0,0,1
0,0,0,1
0,0,0,1
0,0,0,1
0,0,0,1
0,0,0,1
0,0,0,1
0,0,0,1
0,0,0,1
0,0,0,1
0,0,0,1
0,0,0,1
0,0,0,1
0,0,0,1
0,0,0,1
0,0,0,1
0,0,0,1
0,0,0,1
0,0,0,1
0,0,0,1
0,0,0,1
0,0,0,1
0,0,0,1
0,0,0,1
0,0,0,1
0,0,0,1
0,0,0,1
0,0,0,1
0,0,0,1
0,0,0,1
0,0,0,1
0,0,0,1
0,0,0,1
0,0,0,1
0,0,0,1
0,0,0,1
0,0,0,1
0,0,0,1
0,0,0,1
0,0,0,1
0,0,0,1
0,0,0,1
0,0,0,1
0,0,0,1
0,0,0,1
0,0,0,1
0,0,0,1
0,0,0,1
0,0,0,1
0,0,0,1
0,0,0,1
0,0,0,1
0,0,0,1
0,0,0,1
0,0,0,1
0,0,0,1
0,0,0,1
0,0,0,1
0,0,0,1
0,0,0,1
0,0,0,1
0,0,0,1
0,0,0,1
0,0,0,1
0,0,0,1
0,0,0,1
0,0,0,1
0,0,0,1
0,0,0,1
0,0,0,1
0,0,0,1
0,0,0,1
0,0,0,1
0,0,0,1
0,0,0,1
0,0,0,1
0,0,0,1
0,0,0,1
0,0,0,1
0,0,0,1
0,0,0,1
0,0,0,1
0,0,0,1
0,0,0,1
0,0,0,1
0,0,0,1
0,0,0,1
0,0,0,1
0,0,0,1
0,0,0,1
0,0,0,1
0,0,0,1
0,0,0,1
0,0,0,1
0,0,0,1
0,0,0,1
0,0,0,1
0,0,0,1
0,0,0,1
0,0,0,1
0,0,0,1
0,0,0,1
0,0,0,1
0,0,0,1
0,0,0,1
0,0,0,1
0,0,0,1
0,0,0,1
0,0,0,1
0,0,0,1
0,0,0,1
0,0,0,1
0,0,0,1
0,0,0,1
0,0,0,1
0,0,0,1
0,0,0,1
0,0,0,1
0,0,0,1
0,0,0,1
0,0,0,1
0,0,0,1
0,0,0,1
0,0,0,1
0,0,0,1
0,0,0,1
0,0,0,1
0,0,0,1
0,0,0,1
0,0,0,1
0,0,0,1
0,0,0,1
0,0,0,1
0,0,0,1
0,0,0,1
0,0,0,1
0,0,0,1
0,0,0,1
0,0,0,1
0,0,0,1
0,0,0,1
0,0,0,1
0,0,0,1
0,0,0,1
0,0,0,1
0,0,0,1
0,0,0,1
0,0,0,1
0,0,0,1
0,0,0,1
0,0,0,1
0,0,0,1
0,0,0,1
0,0,0,1
0,0,0,1
0,0,0,1
0,0,0,1
0,0,0,1
0,0,0,1
0,0,0,1
0,0,0,1
0,0,0,1
0,0,0,1
0,0,0,1
0,0,0,1
0,0,0,1
0,0,0,1
0,0,0,1
0,0,0,1
0,0,0,1
0,0,0,1
0,0,0,1
0,0,0,1
0,0,0,1
0,0,0,1
0,0,0,1
0,0,0,1
0,0,0,1
0,0,0,1
0,0,0,1
0,0,0,1
0,0,0,1
0,0,0,1
0,0,0,1
0,0,0,1
0,0,0,1
0,0,0,1
0,0,0,1
0,0,0,1
0,0,0,1
0,0,0,1
0,0,0,1
0,0,0,1
0,0,0,1
0,0,0,1
0,0,0,1
0,0,0,1
0,0,0,1
0,0,0,1
0,0,0,1
0,0,0,1
0,0,0,1
0,0,0,1
0,0,0,1
0,0,0,1
0,0,0,1
0,0,0,1
0,0,0,1
0,0,0,1
0,0,0,1
0,0,0,1
0,0,0,1
0,0,0,1
0,0,0,1
0,0,0,1
0,0,0,1
0,0,0,1
0,0,0,1
0,0,0,1
0,0,0,1
0,0,0,1
0,0,0,1
0,0,0,1
0,0,0,1
0,0,0,1
0,0,0,1
0,0,0,1
0,0,0,1
0,0,0,1
0,0,0,1
0,0,0,1
0,0,0,1
0,0,0,1
0,0,0,1
0,0,0,1
0,0,0,1
0,0,0,1
0,0,0,1
0,0,0,1
0,0,0,1
0,0,0,1
0,0,0,1
0,0,0,1
0,0,0,1
0,0,0,1
0,0,0,1
0,0,0,1
0,0,0,1
0,0,0,1
0,0,0,1
0,0,0,1
0,0,0,1
0,0,0,1
0,0,0,1
0,0,0,1
0,0,0,1
0,0,0,1
0,0,0,1
0,0,0,1
0,0,0,1
0,0,0,1
0,0,0,1
0,0,0,1
0,0,0,1
0,0,0,1
0,0,0,1
0,0,0,1
0,0,0,1
0,0,0,1
0,0,0,1
0,0,0,1
0,0,0,1
0,0,0,1
0,0,0,1
0,0,0,1
0,0,0,1
0,0,0,1
0,0,0,1
0,0,0,1
0,0,0,1
0,0,0,1
0,0,0,1
0,0,0,1
0,0,0,1
0,0,0,1
0,0,0,1
0,0,0,1
0,0,0,1
0,0,0,1
0,0,0,1
0,0,0,1
0,0,0,1
0,0,0,1
0,0,0,1
0,0,0,1
0,0,0,1
0,0,0,1
0,0,0,1
0,0,0,1
0,0,0,1
0,0,0,1
0,0,0,1
0,0,0,1
0,0,0,1
0,0,0,1
0,0,0,1
0,0,0,1
0,0,0,1
0,0,0,1
0,0,0,1
0,0,0,1
0,0,0,1
0,0,0,1
0,0,0,1
0,0,0,1
0,0,0,1
0,0,0,1
0,0,0,1
0,0,0,1
0,0,0,1
0,0,0,1
0,0,0,1
0,0,0,1
0,0,0,1
0,0,0,1
0,0,0,1
0,0,0,1
0,0,0,1
0,0,0,1
0,0,0,1
0,0,0,1
0,0,0,1
0,0,0,1
0,0,0,1
0,0,0,1
0,0,0,1
0,0,0,1
0,0,0,1
0,0,0,1
0,0,0,1
0,0,0,1
0,0,0,1
0,0,0,1
0,0,0,1
0,0,0,1
0,0,0,1
0,0,0,1
0,0,0,1
0,0,0,1
0,0,0,1
0,0,0,1
0,0,0,1
0,0,0,1
0,0,0,1
0,0,0,1
0,0,0,1
0,0,0,1
0,0,0,1
0,0,0,1
0,0,0,1
0,0,0,1
0,0,0,1
0,0,0,1
0,0,0,1
0,0,0,1
0,0,0,1
0,0,0,1
0,0,0,1
0,0,0,1
0,0,0,1
0,0,0,1
0,0,0,1
0,0,0,1
0,0,0,1
0,0,0,1
0,0,0,1
0,0,0,1
0,0,0,1
0,0,0,1
0,0,0,1
0,0,0,1
0,0,0,1
0,0,0,1
0,0,0,1
0,0,0,1
0,0,0,1
0,0,0,1
0,0,0,1
0,0,0,1
0,0,0,1
0,0,0,1
0,0,0,1
0,0,0,1
0,0,0,1
0,0,0,1
0,0,0,1
0,0,0,1
0,0,0,1
0,0,0,1
0,0,0,1
0,0,0,1
0,0,0,1
0,0,0,1
0,0,0,1
0,0,0,1
0,0,0,1
0,0,0,1
0,0,0,1
0,0,0,1
0,0,0,1
0,0,0,1
0,0,0,1
0,0,0,1
0,0,0,1
0,0,0,1
0,0,0,1
0,0,0,1
0,0,0,1
0,0,0,1
0,0,0,1
0,0,0,1
0,0,0,1
0,0,0,1
0,0,0,1
0,0,0,1
0,0,0,1
0,0,0,1
0,0,0,1
0,0,0,1
0,0,0,1
0,0,0,1
0,0,0,1
0,0,0,1
0,0,0,1
0,0,0,1
0,0,0,1
0,0,0,1
0,0,0,1
0,0,0,1
0,0,0,1
0,0,0,1
0,0,0,1
0,0,0,1
0,0,0,1
0,0,0,1
0,0,0,1
0,0,0,1
0,0,0,1
0,0,0,1
0,0,0,1
0,0,0,1
0,0,0,1
0,0,0,1
0,0,0,1
0,0,0,1
0,0,0,1
0,0,0,1
0,0,0,1
0,0,0,1
0,0,0,1
0,0,0,1
0,0,0,1
0,0,0,1
0,0,0,1
0,0,0,1
0,0,0,1
0,0,0,1
0,0,0,1
0,0,0,1
0,0,0,1
0,0,0,1
0,0,0,1
0,0,0,1
0,0,0,1
0,0,0,1
0,0,0,1
0,0,0,1
0,0,0,1
0,0,0,1
0,0,0,1
0,0,0,1
0,0,0,1
0,0,0,1
0,0,0,1
0,0,0,1
0,0,0,1
0,0,0,1
0,0,0,1
0,0,0,1
0,0,0,1
0,0,0,1
0,0,0,1
0,0,0,1
0,0,0,1
0,0,0,1
0,0,0,1
0,0,0,1
0,0,0,1
0,0,0,1
0,0,0,1
0,0,0,1
0,0,0,1
0,0,0,1
0,0,0,1
0,0,0,1
0,0,0,1
0,0,0,1
0,0,0,1
0,0,0,1
0,0,0,1
0,0,0,1
0,0,0,1
0,0,0,1
0,0,0,1
0,0,0,1
0,0,0,1
0,0,0,1
0,0,0,1
0,0,0,1
0,0,0,1
0,0,0,1
0,0,0,1
0,0,0,1
0,0,0,1
0,0,0,1
0,0,0,1
0,0,0,1
0,0,0,1
0,0,0,1
0,0,0,1
0,0,0,1
0,0,0,1
0,0,0,1
0,0,0,1
0,0,0,1
0,0,0,1
0,0,0,1
0,0,0,1
0,0,0,1
0,0,0,1
0,0,0,1
0,0,0,1
0,0,0,1
0,0,0,1
0,0,0,1
0,0,0,1
0,0,0,1
0,0,0,1
0,0,0,1
0,0,0,1
0,0,0,1
0,0,0,1
0,0,0,1
0,0,0,1
0,0,0,1
0,0,0,1
0,0,0,1
0,0,0,1
0,0,0,1
0,0,0,1
0,0,0,1
0,0,0,1
0,0,0,1
0,0,0,1
0,0,0,1
0,0,0,1
0,0,0,1
0,0,0,1
0,0,0,1
0,0,0,1
0,0,0,1
0,0,0,1
0,0,0,1
0,0,0,1
0,0,0,1
0,0,0,1
0,0,0,1
0,0,0,1
0,0,0,1
0,0,0,1
0,0,0,1
0,0,0,1
0,0,0,1
0,0,0,1
0,0,0,1
0,0,0,1
0,0,0,1
0,0,0,1
0,0,0,1
0,0,0,1
0,0,0,1
0,0,0,1
0,0,0,1
0,0,0,1
0,0,0,1
0,0,0,1
0,0,0,1
0,0,0,1
0,0,0,1
0,0,0,1
0,0,0,1
0,0,0,1
0,0,0,1
0,0,0,1
0,0,0,1
0,0,0,1
0,0,0,1
0,0,0,1
0,0,0,1
0,0,0,1
0,0,0,1
0,0,0,1
0,0,0,1
0,0,0,1
0,0,0,1
0,0,0,1
0,0,0,1
0,0,0,1
0,0,0,1
0,0,0,1
0,0,0,1
0,0,0,1
0,0,0,1
0,0,0,1
0,0,0,1
0,0,0,1
0,0,0,1
0,0,0,1
0,0,0,1
0,0,0,1
0,0,0,1
0,0,0,1
0,0,0,1
0,0,0,1
0,0,0,1
0,0,0,1
0,0,0,1
0,0,0,1
0,0,0,1
0,0,0,1
0,0,0,1
0,0,0,1
0,0,0,1
0,0,0,1
0,0,0,1
0,0,0,1
0,0,0,1
0,0,0,1
0,0,0,1
0,0,0,1
0,0,0,1
0,0,0,1
0,0,0,1
0,0,0,1
0,0,0,1
0,0,0,1
0,0,0,1
0,0,0,1
0,0,0,1
0,0,0,1
0,0,0,1
0,0,0,1
0,0,0,1
0,0,0,1
0,0,0,1
0,0,0,1
0,0,0,1
0,0,0,1
0,0,0,1
0,0,0,1
0,0,0,1
0,0,0,1
0,0,0,1
0,0,0,1
0,0,0,1
0,0,0,1
0,0,0,1
0,0,0,1
0,0,0,1
0,0,0,1
0,0,0,1
0,0,0,1
0,0,0,1
0,0,0,1
0,0,0,1
0,0,0,1
0,0,0,1
0,0,0,1
0,0,0,1
0,0,0,1
0,0,0,1
0,0,0,1
0,0,0,1
0,0,0,1
0,0,0,1
0,0,0,1
0,0,0,1
0,0,0,1
0,0,0,1
0,0,0,1
0,0,0,1
0,0,0,1
0,0,0,1
0,0,0,1
0,0,0,1
0,0,0,1
0,0,0,1
0,0,0,1
0,0,0,1
0,0,0,1
0,0,0,1
0,0,0,1
0,0,0,1
0,0,0,1
0,0,0,1
0,0,0,1
0,0,0,1
0,0,0,1
0,0,0,1
0,0,0,1
0,0,0,1
0,0,0,1
0,0,0,1
0,0,0,1
0,0,0,1
0,0,0,1
0,0,0,1
0,0,0,1
0,0,0,1
0,0,0,1
0,0,0,1
0,0,0,1
0,0,0,1
0,0,0,1
0,0,0,1
0,0,0,1
0,0,0,1
0,0,0,1
0,0,0,1
0,0,0,1
0,0,0,1
0,0,0,1
0,0,0,1
0,0,0,1
0,0,0,1
0,0,0,1
0,0,0,1
0,0,0,1
0,0,0,1
0,0,0,1
0,0,0,1
0,0,0,1
0,0,0,1
0,0,0,1
0,0,0,1
0,0,0,1
0,0,0,1
0,0,0,1
0,0,0,1
0,0,0,1
0,0,0,1
0,0,0,1
0,0,0,1
0,0,0,1
0,0,0,1
0,0,0,1
0,0,0,1
0,0,0,1
0,0,0,1
0,0,0,1
0,0,0,1
0,0,0,1
0,0,0,1
0,0,0,1
0,0,0,1
0,0,0,1
0,0,0,1
0,0,0,1
0,0,0,1
0,0,0,1
0,0,0,1
0,0,0,1
0,0,0,1
0,0,0,1
0,0,0,1
0,0,0,1
0,0,0,1
0,0,0,1
0,0,0,1
0,0,0,1
0,0,0,1
0,0,0,1
0,0,0,1
0,0,0,1
0,0,0,1
0,0,0,1
0,0,0,1
0,0,0,1
0,0,0,1
0,0,0,1
0,0,0,1
0,0,0,1
0,0,0,1
0,0,0,1
0,0,0,1
0,0,0,1
0,0,0,1
0,0,0,1
0,0,0,1
0,0,0,1
0,0,0,1
0,0,0,1
0,0,0,1
0,0,0,1
0,0,0,1
0,0,0,1
0,0,0,1
0,0,0,1
0,0,0,1
0,0,0,1
0,0,0,1
0,0,0,1
0,0,0,1
0,0,0,1
0,0,0,1
0,0,0,1
0,0,0,1
0,0,0,1
0,0,0,1
0,0,0,1
0,0,0,1
0,0,0,1
0,0,0,1
0,0,0,1
0,0,0,1
0,0,0,1
0,0,0,1
0,0,0,1
0,0,0,1
0,0,0,1
0,0,0,1
0,0,0,1
0,0,0,1
0,0,0,1
0,0,0,1
0,0,0,1
0,0,0,1
0,0,0,1
0,0,0,1
0,0,0,1
0,0,0,1
0,0,0,1
0,0,0,1
0,0,0,1
0,0,0,1
0,0,0,1
0,0,0,1
0,0,0,1
0,0,0,1
0,0,0,1
0,0,0,1
0,0,0,1
0,0,0,1
0,0,0,1
0,0,0,1
0,0,0,1
0,0,0,1
0,0,0,1
0,0,0,1
0,0,0,1
0,0,0,1
0,0,0,1
0,0,0,1
0,0,0,1
0,0,0,1
0,0,0,1
0,0,0,1
0,0,0,1
0,0,0,1
0,0,0,1
0,0,0,1
0,0,0,1
0,0,0,1
0,0,0,1
0,0,0,1
0,0,0,1
0,0,0,1
0,0,0,1
0,0,0,1
0,0,0,1
0,0,0,1
0,0,0,1
0,0,0,1
0,0,0,1
0,0,0,1
0,0,0,1
0,0,0,1
0,0,0,1
0,0,0,1
0,0,0,1
0,0,0,1
0,0,0,1
0,0,0,1
0,0,0,1
0,0,0,1
0,0,0,1
0,0,0,1
0,0,0,1
0,0,0,1
0,0,0,1
0,0,0,1
0,0,0,1
0,0,0,1
0,0,0,1
0,0,0,1
0,0,0,1
0,0,0,1
0,0,0,1
0,0,0,1
0,0,0,1
0,0,0,1
0,0,0,1
0,0,0,1
0,0,0,1
0,0,0,1
0,0,0,1
0,0,0,1
0,0,0,1
0,0,0,1
0,0,0,1
0,0,0,1
0,0,0,1
0,0,0,1
0,0,0,1
0,0,0,1
0,0,0,1
0,0,0,1
0,0,0,1
0,0,0,1
0,0,0,1
0,0,0,1
0,0,0,1
0,0,0,1
0,0,0,1
0,0,0,1
0,0,0,1
0,0,0,1
0,0,0,1
0,0,0,1
0,0,0,1
0,0,0,1
0,0,0,1
0,0,0,1
0,0,0,1
0,0,0,1
0,0,0,1
0,0,0,1
0,0,0,1
0,0,0,1
0,0,0,1
0,0,0,1
0,0,0,1
0,0,0,1
0,0,0,1
0,0,0,1
0,0,0,1
0,0,0,1
0,0,0,1
0,0,0,1
0,0,0,1
0,0,0,1
0,0,0,1
0,0,0,1
0,0,0,1
0,0,0,1
0,0,0,1
0,0,0,1
0,0,0,1
0,0,0,1
0,0,0,1
0,0,0,1
0,0,0,1
0,0,0,1
0,0,0,1
0,0,0,1
0,0,0,1
0,0,0,1
0,0,0,1
0,0,0,1
0,0,0,1
0,0,0,1
0,0,0,1
0,0,0,1
0,0,0,1
0,0,0,1
0,0,0,1
0,0,0,1
0,0,0,1
0,0,0,1
0,0,0,1
0,0,0,1
0,0,0,1
0,0,0,1
0,0,0,1
0,0,0,1
0,0,0,1
0,0,0,1
0,0,0,1
0,0,0,1
0,0,0,1
0,0,0,1
0,0,0,1
0,0,0,1
0,0,0,1
0,0,0,1
0,0,0,1
0,0,0,1
0,0,0,1
0,0,0,1
0,0,0,1
0,0,0,1
0,0,0,1
0,0,0,1
0,0,0,1
0,0,0,1
0,0,0,1
0,0,0,1
0,0,0,1
0,0,0,1
0,0,0,1
0,0,0,1
0,0,0,1
0,0,0,1
0,0,0,1
0,0,0,1
0,0,0,1
0,0,0,1
0,0,0,1
0,0,0,1
0,0,0,1
0,0,0,1
0,0,0,1
0,0,0,1
0,0,0,1
0,0,0,1
0,0,0,1
0,0,0,1
0,0,0,1
0,0,0,1
0,0,0,1
0,0,0,1
0,0,0,1
0,0,0,1
0,0,0,1
0,0,0,1
0,0,0,1
0,0,0,1
0,0,0,1
0,0,0,1
0,0,0,1
0,0,0,1
0,0,0,1
0,0,0,1
0,0,0,1
0,0,0,1
0,0,0,1
0,0,0,1
0,0,0,1
0,0,0,1
0,0,0,1
0,0,0,1
0,0,0,1
0,0,0,1
0,0,0,1
0,0,0,1
0,0,0,1
0,0,0,1
0,0,0,1
0,0,0,1
0,0,0,1
0,0,0,1
0,0,0,1
0,0,0,1
0,0,0,1
0,0,0,1
0,0,0,1
0,0,0,1
0,0,0,1
0,0,0,1
0,0,0,1
0,0,0,1
0,0,0,1
0,0,0,1
0,0,0,1
0,0,0,1
0,0,0,1
0,0,0,1
0,0,0,1
0,0,0,1
0,0,0,1
0,0,0,1
0,0,0,1
0,0,0,1
0,0,0,1
0,0,0,1
0,0,0,1
0,0,0,1
0,0,0,1
0,0,0,1
0,0,0,1
0,0,0,1
0,0,0,1
0,0,0,1
0,0,0,1
0,0,0,1
0,0,0,1
0,0,0,1
0,0,0,1
0,0,0,1
0,0,0,1
0,0,0,1
0,0,0,1
0,0,0,1
0,0,0,1
0,0,0,1
0,0,0,1
0,0,0,1
0,0,0,1
0,0,0,1
0,0,0,1
0,0,0,1
0,0,0,1
0,0,0,1
0,0,0,1
0,0,0,1
0,0,0,1
0,0,0,1
0,0,0,1
0,0,0,1
0,0,0,1
0,0,0,1
0,0,0,1
0,0,0,1
0,0,0,1
0,0,0,1
0,0,0,1
0,0,0,1
0,0,0,1
0,0,0,1
0,0,0,1
0,0,0,1
0,0,0,1
0,0,0,1
0,0,0,1
0,0,0,1
0,0,0,1
0,0,0,1
0,0,0,1
0,0,0,1
0,0,0,1
0,0,0,1
0,0,0,1
0,0,0,1
0,0,0,1
0,0,0,1
0,0,0,1
0,0,0,1
0,0,0,1
0,0,0,1
0,0,0,1
0,0,0,1
0,0,0,1
0,0,0,1
0,0,0,1
0,0,0,1
0,0,0,1
0,0,0,1
0,0,0,1
0,0,0,1
0,0,0,1
0,0,0,1
0,0,0,1
0,0,0,1
0,0,0,1
0,0,0,1
0,0,0,1
0,0,0,1
0,0,0,1
0,0,0,1
0,0,0,1
0,0,0,1
0,0,0,1
0,0,0,1
0,0,0,1
0,0,0,1
0,0,0,1
0,0,0,1
0,0,0,1
0,0,0,1
0,0,0,1
0,0,0,1
0,0,0,1
0,0,0,1
0,0,0,1
0,0,0,1
0,0,0,1
0,0,0,1
0,0,0,1
0,0,0,1
0,0,0,1
0,0,0,1
0,0,0,1
0,0,0,1
0,0,0,1
0,0,0,1
0,0,0,1
0,0,0,1
0,0,0,1
0,0,0,1
0,0,0,1
0,0,0,1
0,0,0,1
0,0,0,1
0,0,0,1
0,0,0,1
0,0,0,1
0,0,0,1
0,0,0,1
0,0,0,1
0,0,0,1
0,0,0,1
0,0,0,1
0,0,0,1
0,0,0,1
0,0,0,1
0,0,0,1
0,0,0,1
0,0,0,1
0,0,0,1
0,0,0,1
0,0,0,1
0,0,0,1
0,0,0,1
0,0,0,1
0,0,0,1
0,0,0,1
0,0,0,1
0,0,0,1
0,0,0,1
0,0,0,1
0,0,0,1
0,0,0,1
0,0,0,1
0,0,0,1
0,0,0,1
0,0,0,1
0,0,0,1
0,0,0,1
0,0,0,1
0,0,0,1
0,0,0,1
0,0,0,1
0,0,0,1
0,0,0,1
0,0,0,1
0,0,0,1
0,0,0,1
0,0,0,1
0,0,0,1
0,0,0,1
0,0,0,1
0,0,0,1
0,0,0,1
0,0,0,1
0,0,0,1
0,0,0,1
0,0,0,1
0,0,0,1
0,0,0,1
0,0,0,1
0,0,0,1
0,0,0,1
0,0,0,1
0,0,0,1
0,0,0,1
0,0,0,1
0,0,0,1
0,0,0,1
0,0,0,1
0,0,0,1
0,0,0,1
0,0,0,1
0,0,0,1
0,0,0,1
0,0,0,1
0,0,0,1
0,0,0,1
0,0,0,1
0,0,0,1
0,0,0,1
0,0,0,1
0,0,0,1
0,0,0,1
0,0,0,1
0,0,0,1
0,0,0,1
0,0,0,1
0,0,0,1
0,0,0,1
0,0,0,1
0,0,0,1
0,0,0,1
0,0,0,1
0,0,0,1
0,0,0,1
0,0,0,1
0,0,0,1
0,0,0,1
0,0,0,1
0,0,0,1
0,0,0,1
0,0,0,1
0,0,0,1
0,0,0,1
0,0,0,1
0,0,0,1
0,0,0,1
0,0,0,1
0,0,0,1
0,0,0,1
0,0,0,1
0,0,0,1
0,0,0,1
0,0,0,1
0,0,0,1
0,0,0,1
0,0,0,1
0,0,0,1
0,0,0,1
0,0,0,1
0,0,0,1
0,0,0,1
0,0,0,1
0,0,0,1
0,0,0,1
0,0,0,1
0,0,0,1
0,0,0,1
0,0,0,1
0,0,0,1
0,0,0,1
0,0,0,1
0,0,0,1
0,0,0,1
0,0,0,1
0,0,0,1
0,0,0,1
0,0,0,1
0,0,0,1
0,0,0,1
0,0,0,1
0,0,0,1
0,0,0,1
0,0,0,1
0,0,0,1
0,0,0,1
0,0,0,1
0,0,0,1
0,0,0,1
0,0,0,1
0,0,0,1
0,0,0,1
0,0,0,1
0,0,0,1
0,0,0,1
0,0,0,1
0,0,0,1
0,0,0,1
0,0,0,1
0,0,0,1
0,0,0,1
0,0,0,1
0,0,0,1
0,0,0,1
0,0,0,1
0,0,0,1
0,0,0,1
0,0,0,1
0,0,0,1
0,0,0,1
0,0,0,1
0,0,0,1
0,0,0,1
0,0,0,1
0,0,0,1
0,0,0,1
0,0,0,1
0,0,0,1
0,0,0,1
0,0,0,1
0,0,0,1
0,0,0,1
0,0,0,1
0,0,0,1
0,0,0,1
0,0,0,1
0,0,0,1
0,0,0,1
0,0,0,1
0,0,0,1
0,0,0,1
0,0,0,1
0,0,0,1
0,0,0,1
0,0,0,1
0,0,0,1
0,0,0,1
0,0,0,1
0,0,0,1
0,0,0,1
0,0,0,1
0,0,0,1
0,0,0,1
0,0,0,1
0,0,0,1
0,0,0,1
0,0,0,1
0,0,0,1
0,0,0,1
0,0,0,1
0,0,0,1
0,0,0,1
0,0,0,1
0,0,0,1
0,0,0,1
0,0,0,1
0,0,0,1
0,0,0,1
0,0,0,1
0,0,0,1
0,0,0,1
0,0,0,1
0,0,0,1
0,0,0,1
0,0,0,1
0,0,0,1
0,0,0,1
0,0,0,1
0,0,0,1
0,0,0,1
0,0,0,1
0,0,0,1
0,0,0,1
0,0,0,1
0,0,0,1
0,0,0,1
0,0,0,1
0,0,0,1
0,0,0,1
0,0,0,1
0,0,0,1
0,0,0,1
0,0,0,1
0,0,0,1
0,0,0,1
0,0,0,1
0,0,0,1
0,0,0,1
0,0,0,1
0,0,0,1
0,0,0,1
0,0,0,1
0,0,0,1
0,0,0,1
0,0,0,1
0,0,0,1
0,0,0,1
0,0,0,1
0,0,0,1
0,0,0,1
0,0,0,1
0,0,0,1
0,0,0,1
0,0,0,1
0,0,0,1
0,0,0,1
0,0,0,1
0,0,0,1
0,0,0,1
0,0,0,1
0,0,0,1
0,0,0,1
0,0,0,1
0,0,0,1
0,0,0,1
0,0,0,1
0,0,0,1
0,0,0,1
0,0,0,1
0,0,0,1
0,0,0,1
0,0,0,1
0,0,0,1
0,0,0,1
0,0,0,1
0,0,0,1
0,0,0,1
0,0,0,1
0,0,0,1
0,0,0,1
0,0,0,1
0,0,0,1
0,0,0,1
0,0,0,1
0,0,0,1
0,0,0,1
0,0,0,1
0,0,0,1
0,0,0,1
0,0,0,1
0,0,0,1
0,0,0,1
0,0,0,1
0,0,0,1
0,0,0,1
0,0,0,1
0,0,0,1
0,0,0,1
0,0,0,1
0,0,0,1
0,0,0,1
0,0,0,1
0,0,0,1
0,0,0,1
0,0,0,1
0,0,0,1
0,0,0,1
0,0,0,1
0,0,0,1
0,0,0,1
0,0,0,1
0,0,0,1
0,0,0,1
0,0,0,1
0,0,0,1
0,0,0,1
0,0,0,1
0,0,0,1
0,0,0,1
0,0,0,1
0,0,0,1
0,0,0,1
0,0,0,1
0,0,0,1
0,0,0,1
0,0,0,1
0,0,0,1
0,0,0,1
0,0,0,1
0,0,0,1
0,0,0,1
0,0,0,1
0,0,0,1
0,0,0,1
0,0,0,1
0,0,0,1
0,0,0,1
0,0,0,1
0,0,0,1
0,0,0,1
0,0,0,1
0,0,0,1
0,0,0,1
0,0,0,1
0,0,0,1
0,0,0,1
0,0,0,1
0,0,0,1
0,0,0,1
0,0,0,1
0,0,0,1
0,0,0,1
0,0,0,1
0,0,0,1
0,0,0,1
0,0,0,1
0,0,0,1
0,0,0,1
0,0,0,1
0,0,0,1
0,0,0,1
0,0,0,1
0,0,0,1
0,0,0,1
0,0,0,1
0,0,0,1
0,0,0,1
0,0,0,1
0,0,0,1
0,0,0,1
0,0,0,1
0,0,0,1
0,0,0,1
0,0,0,1
0,0,0,1
0,0,0,1
0,0,0,1
0,0,0,1
0,0,0,1
0,0,0,1
0,0,0,1
0,0,0,1
0,0,0,1
0,0,0,1
0,0,0,1
0,0,0,1
0,0,0,1
0,0,0,1
0,0,0,1
0,0,0,1
0,0,0,1
0,0,0,1
0,0,0,1
0,0,0,1
0,0,0,1
0,0,0,1
0,0,0,1
0,0,0,1
0,0,0,1
0,0,0,1
0,0,0,1
0,0,0,1
0,0,0,1
0,0,0,1
0,0,0,1
0,0,0,1
0,0,0,1
0,0,0,1
0,0,0,1
0,0,0,1
0,0,0,1
0,0,0,1
0,0,0,1
0,0,0,1
0,0,0,1
0,0,0,1
0,0,0,1
0,0,0,1
0,0,0,1
0,0,0,1
0,0,0,1
0,0,0,1
0,0,0,1
0,0,0,1
0,0,0,1
0,0,0,1
0,0,0,1
0,0,0,1
0,0,0,1
0,0,0,1
0,0,0,1
0,0,0,1
0,0,0,1
0,0,0,1
0,0,0,1
0,0,0,1
0,0,0,1
0,0,0,1
0,0,0,1
0,0,0,1
0,0,0,1
0,0,0,1
0,0,0,1
0,0,0,1
0,0,0,1
0,0,0,1
0,0,0,1
0,0,0,1
0,0,0,1
0,0,0,1
0,0,0,1
0,0,0,1
0,0,0,1
0,0,0,1
0,0,0,1
0,0,0,1
0,0,0,1
0,0,0,1
0,0,0,1
0,0,0,1
0,0,0,1
0,0,0,1
0,0,0,1
0,0,0,1
0,0,0,1
0,0,0,1
0,0,0,1
0,0,0,1
0,0,0,1
0,0,0,1
0,0,0,1
0,0,0,1
0,0,0,1
0,0,0,1
0,0,0,1
0,0,0,1
0,0,0,1
0,0,0,1
0,0,0,1
0,0,0,1
0,0,0,1
0,0,0,1
0,0,0,1
0,0,0,1
0,0,0,1
0,0,0,1
0,0,0,1
0,0,0,1
0,0,0,1
0,0,0,1
0,0,0,1
0,0,0,1
0,0,0,1
0,0,0,1
0,0,0,1
0,0,0,1
0,0,0,1
0,0,0,1
0,0,0,1
0,0,0,1
0,0,0,1
0,0,0,1
0,0,0,1
0,0,0,1
0,0,0,1
0,0,0,1
0,0,0,1
0,0,0,1
0,0,0,1
0,0,0,1
0,0,0,1
0,0,0,1
0,0,0,1
0,0,0,1
0,0,0,1
0,0,0,1
0,0,0,1
0,0,0,1
0,0,0,1
0,0,0,1
0,0,0,1
0,0,0,1
0,0,0,1
0,0,0,1
0,0,0,1
0,0,0,1
0,0,0,1
0,0,0,1
0,0,0,1
0,0,0,1
0,0,0,1
0,0,0,1
0,0,0,1
0,0,0,1
0,0,0,1
0,0,0,1
0,0,0,1
0,0,0,1
0,0,0,1
0,0,0,1
0,0,0,1
0,0,0,1
0,0,0,1
0,0,0,1
0,0,0,1
0,0,0,1
0,0,0,1
0,0,0,1
0,0,0,1
0,0,0,1
0,0,0,1
0,0,0,1
0,0,0,1
0,0,0,1
0,0,0,1
0,0,0,1
0,0,0,1
0,0,0,1
0,0,0,1
0,0,0,1
0,0,0,1
0,0,0,1
0,0,0,1
0,0,0,1
0,0,0,1
0,0,0,1
0,0,0,1
0,0,0,1
0,0,0,1
0,0,0,1
0,0,0,1
0,0,0,1
0,0,0,1
0,0,0,1
0,0,0,1
0,0,0,1
0,0,0,1
0,0,0,1
0,0,0,1
0,0,0,1
0,0,0,1
0,0,0,1
0,0,0,1
0,0,0,1
0,0,0,1
0,0,0,1
0,0,0,1
0,0,0,1
0,0,0,1
0,0,0,1
0,0,0,1
0,0,0,1
0,0,0,1
0,0,0,1
0,0,0,1
0,0,0,1
0,0,0,1
0,0,0,1
0,0,0,1
0,0,0,1
0,0,0,1
0,0,0,1
0,0,0,1
0,0,0,1
0,0,0,1
0,0,0,1
0,0,0,1
0,0,0,1
0,0,0,1
0,0,0,1
0,0,0,1
0,0,0,1
0,0,0,1
0,0,0,1
0,0,0,1
0,0,0,1
0,0,0,1
0,0,0,1
0,0,0,1
0,0,0,1
0,0,0,1
0,0,0,1
0,0,0,1
0,0,0,1
0,0,0,1
0,0,0,1
0,0,0,1
0,0,0,1
0,0,0,1
0,0,0,1
0,0,0,1
0,0,0,1
0,0,0,1
0,0,0,1
0,0,0,1
0,0,0,1
0,0,0,1
0,0,0,1
0,0,0,1
0,0,0,1
0,0,0,1
0,0,0,1
0,0,0,1
0,0,0,1
0,0,0,1
0,0,0,1
0,0,0,1
0,0,0,1
0,0,0,1
0,0,0,1
0,0,0,1
0,0,0,1
0,0,0,1
0,0,0,1
0,0,0,1
0,0,0,1
0,0,0,1
0,0,0,1
0,0,0,1
0,0,0,1
0,0,0,1
0,0,0,1
0,0,0,1
0,0,0,1
0,0,0,1
0,0,0,1
0,0,0,1
0,0,0,1
0,0,0,1
0,0,0,1
0,0,0,1
0,0,0,1
0,0,0,1
0,0,0,1
0,0,0,1
0,0,0,1
0,0,0,1
0,0,0,1
0,0,0,1
0,0,0,1
0,0,0,1
0,0,0,1
0,0,0,1
0,0,0,1
0,0,0,1
0,0,0,1
0,0,0,1
0,0,0,1
0,0,0,1
0,0,0,1
0,0,0,1
0,0,0,1
0,0,0,1
0,0,0,1
0,0,0,1
0,0,0,1
0,0,0,1
0,0,0,1
0,0,0,1
0,0,0,1
0,0,0,1
0,0,0,1
0,0,0,1
0,0,0,1
0,0,0,1
0,0,0,1
0,0,0,1
0,0,0,1
0,0,0,1
0,0,0,1
0,0,0,1
0,0,0,1
0,0,0,1
0,0,0,1
0,0,0,1
0,0,0,1
0,0,0,1
0,0,0,1
0,0,0,1
0,0,0,1
0,0,0,1
0,0,0,1
0,0,0,1
0,0,0,1
0,0,0,1
0,0,0,1
0,0,0,1
0,0,0,1
0,0,0,1
0,0,0,1
0,0,0,1
0,0,0,1
0,0,0,1
0,0,0,1
0,0,0,1
0,0,0,1
0,0,0,1
0,0,0,1
0,0,0,1
0,0,0,1
0,0,0,1
0,0,0,1
0,0,0,1
0,0,0,1
0,0,0,1
0,0,0,1
0,0,0,1
0,0,0,1
0,0,0,1
0,0,0,1
0,0,0,1
0,0,0,1
0,0,0,1
0,0,0,1
0,0,0,1
0,0,0,1
0,0,0,1
0,0,0,1
0,0,0,1
0,0,0,1
0,0,0,1
0,0,0,1
0,0,0,1
0,0,0,1
0,0,0,1
0,0,0,1
0,0,0,1
0,0,0,1
0,0,0,1
0,0,0,1
0,0,0,1
0,0,0,1
0,0,0,1
0,0,0,1
0,0,0,1
0,0,0,1
0,0,0,1
0,0,0,1
0,0,0,1
0,0,0,1
0,0,0,1
0,0,0,1
0,0,0,1
0,0,0,1
0,0,0,1
0,0,0,1
0,0,0,1
0,0,0,1
0,0,0,1
0,0,0,1
0,0,0,1
0,0,0,1
0,0,0,1
0,0,0,1
0,0,0,1
0,0,0,1
0,0,0,1
0,0,0,1
0,0,0,1
0,0,0,1
0,0,0,1
0,0,0,1
0,0,0,1
0,0,0,1
0,0,0,1
0,0,0,1
0,0,0,1
0,0,0,1
0,0,0,1
0,0,0,1
0,0,0,1
0,0,0,1
0,0,0,1
0,0,0,1
0,0,0,1
0,0,0,1
0,0,0,1
0,0,0,1
0,0,0,1
0,0,0,1
0,0,0,1
0,0,0,1
0,0,0,1
0,0,0,1
0,0,0,1
0,0,0,1
0,0,0,1
0,0,0,1
0,0,0,1
0,0,0,1
0,0,0,1
0,0,0,1
0,0,0,1
0,0,0,1
0,0,0,1
0,0,0,1
0,0,0,1
0,0,0,1
0,0,0,1
0,0,0,1
0,0,0,1
0,0,0,1
0,0,0,1
0,0,0,1
0,0,0,1
0,0,0,1
0,0,0,1
0,0,0,1
0,0,0,1
0,0,0,1
0,0,0,1
0,0,0,1
0,0,0,1
0,0,0,1
0,0,0,1
0,0,0,1
0,0,0,1
0,0,0,1
0,0,0,1
0,0,0,1
0,0,0,1
0,0,0,1
0,0,0,1
0,0,0,1
0,0,0,1
0,0,0,1
0,0,0,1
0,0,0,1
0,0,0,1
0,0,0,1
0,0,0,1
0,0,0,1
0,0,0,1
0,0,0,1
0,0,0,1
0,0,0,1
0,0,0,1
0,0,0,1
0,0,0,1
0,0,0,1
0,0,0,1
0,0,0,1
0,0,0,1
0,0,0,1
0,0,0,1
0,0,0,1
0,0,0,1
0,0,0,1
0,0,0,1
0,0,0,1
0,0,0,1
0,0,0,1
0,0,0,1
0,0,0,1
0,0,0,1
0,0,0,1
0,0,0,1
0,0,0,1
0,0,0,1
0,0,0,1
0,0,0,1
0,0,0,1
0,0,0,1
0,0,0,1
0,0,0,1
0,0,0,1
0,0,0,1
0,0,0,1
0,0,0,1
0,0,0,1
0,0,0,1
0,0,0,1
0,0,0,1
0,0,0,1
0,0,0,1
0,0,0,1
0,0,0,1
0,0,0,1
0,0,0,1
0,0,0,1
0,0,0,1
0,0,0,1
0,0,0,1
0,0,0,1
0,0,0,1
0,0,0,1
0,0,0,1
0,0,0,1
0,0,0,1
0,0,0,1
0,0,0,1
0,0,0,1
0,0,0,1
0,0,0,1
0,0,0,1
0,0,0,1
0,0,0,1
0,0,0,1
0,0,0,1
0,0,0,1
0,0,0,1
0,0,0,1
0,0,0,1
0,0,0,1
0,0,0,1
0,0,0,1
0,0,0,1
0,0,0,1
0,0,0,1
0,0,0,1
0,0,0,1
0,0,0,1
0,0,0,1
0,0,0,1
0,0,0,1
0,0,0,1
0,0,0,1
0,0,0,1
0,0,0,1
0,0,0,1
0,0,0,1
0,0,0,1
0,0,0,1
0,0,0,1
0,0,0,1
0,0,0,1
0,0,0,1
0,0,0,1
0,0,0,1
0,0,0,1
0,0,0,1
0,0,0,1
0,0,0,1
0,0,0,1
0,0,0,1
0,0,0,1
0,0,0,1
0,0,0,1
0,0,0,1
0,0,0,1
0,0,0,1
0,0,0,1
0,0,0,1
0,0,0,1
0,0,0,1
0,0,0,1
0,0,0,1
0,0,0,1
0,0,0,1
0,0,0,1
0,0,0,1
0,0,0,1
0,0,0,1
0,0,0,1
0,0,0,1
0,0,0,1
0,0,0,1
0,0,0,1
0,0,0,1
0,0,0,1
0,0,0,1
0,0,0,1
0,0,0,1
0,0,0,1
0,0,0,1
0,0,0,1
0,0,0,1
0,0,0,1
0,0,0,1
0,0,0,1
0,0,0,1
0,0,0,1
0,0,0,1
0,0,0,1
0,0,0,1
0,0,0,1
0,0,0,1
0,0,0,1
0,0,0,1
0,0,0,1
0,0,0,1
0,0,0,1
0,0,0,1
0,0,0,1
0,0,0,1
0,0,0,1
0,0,0,1
0,0,0,1
0,0,0,1
0,0,0,1
0,0,0,1
0,0,0,1
0,0,0,1
0,0,0,1
0,0,0,1
0,0,0,1
0,0,0,1
0,0,0,1
0,0,0,1
0,0,0,1
0,0,0,1
0,0,0,1
0,0,0,1
0,0,0,1
0,0,0,1
0,0,0,1
0,0,0,1
0,0,0,1
0,0,0,1
0,0,0,1
0,0,0,1
0,0,0,1
0,0,0,1
0,0,0,1
0,0,0,1
0,0,0,1
0,0,0,1
0,0,0,1
0,0,0,1
0,0,0,1
0,0,0,1
0,0,0,1
0,0,0,1
0,0,0,1
0,0,0,1
0,0,0,1
0,0,0,1
0,0,0,1